Pose Errors for obj_000005
==================================================

Frame 0:

Estimated Pose:
Rotation:
[    0.90529     0.42449   -0.015848]
[    0.28084    -0.62611     -0.7274]
[    -0.3187     0.65406    -0.68603]
Roll (X): 136.37
Pitch (Y): 18.58
Yaw (Z): 17.24
Translation: [126.18, -22.90, 966.08]

Ground Truth Pose:
Rotation:
[    0.89422     0.44576   -0.041793]
[    0.29322    -0.65362    -0.69775]
[   -0.33833     0.61167    -0.71516]
Euler Angles (xyz, degrees):
Roll (X): 139.46
Pitch (Y): 19.78
Yaw (Z): 18.15
Translation: [127.17, -25.74, 963.63]

Error Analysis:
Rotation Error (degrees):
Roll (X): -3.09
Pitch (Y): -1.19
Yaw (Z): -0.92
Total Rotation Error Euler: 3.44
Total Rotation Error Matrix: 3.11
Translation Error Vector [x, y, z]: [-0.99, 2.83, 2.45] mm
Translation Error Magnitude: 3.87 mm

ADD Error Analysis:
ADD Error: 7.53
Point-wise distances: [       6.81      3.5004      10.957      8.7514      4.2618      5.6476      10.061      10.278]
Model diameter: 284.09 mm
10% threshold: 28.41 mm
Pose correct: True
Percentage of model diameter: 2.65
------------------------------
Frame 1:

Estimated Pose:
Rotation:
[    0.91507     0.40282    0.019294]
[    0.30379    -0.65706    -0.68992]
[   -0.26524     0.63719    -0.72363]
Roll (X): 138.63
Pitch (Y): 15.38
Yaw (Z): 18.37
Translation: [89.10, 39.51, 969.53]

Ground Truth Pose:
Rotation:
[    0.91324     0.40749   0.0026264]
[    0.30951    -0.68942    -0.65495]
[   -0.26507     0.59892     -0.7557]
Euler Angles (xyz, degrees):
Roll (X): 141.60
Pitch (Y): 15.37
Yaw (Z): 18.72
Translation: [89.60, 36.70, 965.14]

Error Analysis:
Rotation Error (degrees):
Roll (X): -2.97
Pitch (Y): 0.01
Yaw (Z): -0.36
Total Rotation Error Euler: 2.99
Total Rotation Error Matrix: 2.84
Translation Error Vector [x, y, z]: [-0.50, 2.82, 4.39] mm
Translation Error Magnitude: 5.24 mm

ADD Error Analysis:
ADD Error: 7.93
Point-wise distances: [     4.5326      5.3565      10.891      11.315      4.0301      5.7589      10.344      11.188]
Model diameter: 284.09 mm
10% threshold: 28.41 mm
Pose correct: True
Percentage of model diameter: 2.79
------------------------------
Frame 2:

Estimated Pose:
Rotation:
[    0.92215     0.38653    0.015104]
[    0.30826    -0.71071    -0.63235]
[   -0.23369     0.58778    -0.77454]
Roll (X): 142.81
Pitch (Y): 13.51
Yaw (Z): 18.48
Translation: [98.39, 45.05, 978.65]

Ground Truth Pose:
Rotation:
[     0.9194     0.39339  -0.0045791]
[    0.31501    -0.74309    -0.59046]
[   -0.23567      0.5414    -0.80709]
Euler Angles (xyz, degrees):
Roll (X): 146.15
Pitch (Y): 13.63
Yaw (Z): 18.91
Translation: [99.30, 43.15, 973.71]

Error Analysis:
Rotation Error (degrees):
Roll (X): -3.34
Pitch (Y): -0.12
Yaw (Z): -0.43
Total Rotation Error Euler: 3.37
Total Rotation Error Matrix: 3.22
Translation Error Vector [x, y, z]: [-0.91, 1.90, 4.93] mm
Translation Error Magnitude: 5.37 mm

ADD Error Analysis:
ADD Error: 8.67
Point-wise distances: [     4.8099      6.2482      11.532      12.255      4.1037      6.9585      11.017      12.419]
Model diameter: 284.09 mm
10% threshold: 28.41 mm
Pose correct: True
Percentage of model diameter: 3.05
------------------------------
Frame 3:

Estimated Pose:
Rotation:
[    0.95518     0.29305   -0.041926]
[    0.23738    -0.84283    -0.48299]
[   -0.17688     0.45139    -0.87462]
Roll (X): 152.70
Pitch (Y): 10.19
Yaw (Z): 13.96
Translation: [131.87, 46.17, 961.07]

Ground Truth Pose:
Rotation:
[    0.94893     0.30726   -0.072081]
[    0.24201    -0.85502    -0.45873]
[   -0.20257     0.41784    -0.88568]
Euler Angles (xyz, degrees):
Roll (X): 154.74
Pitch (Y): 11.69
Yaw (Z): 14.31
Translation: [134.37, 45.77, 964.78]

Error Analysis:
Rotation Error (degrees):
Roll (X): -2.04
Pitch (Y): -1.50
Yaw (Z): -0.35
Total Rotation Error Euler: 2.56
Total Rotation Error Matrix: 2.44
Translation Error Vector [x, y, z]: [-2.50, 0.40, -3.72] mm
Translation Error Magnitude: 4.49 mm

ADD Error Analysis:
ADD Error: 6.41
Point-wise distances: [     10.324      7.6646      8.6756      1.5999       7.701      5.8543      7.3647      2.0846]
Model diameter: 284.09 mm
10% threshold: 28.41 mm
Pose correct: True
Percentage of model diameter: 2.26
------------------------------
Frame 4:

Estimated Pose:
Rotation:
[    0.95813      0.2849     0.02852]
[     0.2591    -0.82033    -0.50984]
[   -0.12185     0.49588     -0.8598]
Roll (X): 150.03
Pitch (Y): 7.00
Yaw (Z): 15.13
Translation: [37.42, 105.07, 932.27]

Ground Truth Pose:
Rotation:
[    0.95315     0.30207     0.01848]
[    0.27425    -0.83632    -0.47478]
[   -0.12795     0.45758    -0.87994]
Euler Angles (xyz, degrees):
Roll (X): 152.52
Pitch (Y): 7.35
Yaw (Z): 16.05
Translation: [38.57, 103.32, 926.56]

Error Analysis:
Rotation Error (degrees):
Roll (X): -2.50
Pitch (Y): -0.35
Yaw (Z): -0.92
Total Rotation Error Euler: 2.69
Total Rotation Error Matrix: 2.52
Translation Error Vector [x, y, z]: [-1.16, 1.75, 5.71] mm
Translation Error Magnitude: 6.08 mm

ADD Error Analysis:
ADD Error: 7.74
Point-wise distances: [     4.5315      4.6567      10.853      11.029      3.0041      6.1364       10.14      11.583]
Model diameter: 284.09 mm
10% threshold: 28.41 mm
Pose correct: True
Percentage of model diameter: 2.73
------------------------------
Frame 5:

Estimated Pose:
Rotation:
[    0.92745     0.36595    0.076932]
[     0.3642     -0.8373    -0.40779]
[  -0.084815     0.40622    -0.90983]
Roll (X): 155.94
Pitch (Y): 4.87
Yaw (Z): 21.44
Translation: [13.34, 73.14, 905.14]

Ground Truth Pose:
Rotation:
[    0.91567     0.40058    0.033837]
[    0.38398    -0.84657    -0.36869]
[   -0.11904     0.35058    -0.92897]
Euler Angles (xyz, degrees):
Roll (X): 159.32
Pitch (Y): 6.84
Yaw (Z): 22.75
Translation: [13.81, 73.74, 896.04]

Error Analysis:
Rotation Error (degrees):
Roll (X): -3.38
Pitch (Y): -1.97
Yaw (Z): -1.31
Total Rotation Error Euler: 4.13
Total Rotation Error Matrix: 3.98
Translation Error Vector [x, y, z]: [-0.47, -0.60, 9.09] mm
Translation Error Magnitude: 9.12 mm

ADD Error Analysis:
ADD Error: 11.55
Point-wise distances: [     3.9624       8.629      14.397      14.504      4.2275      12.336      16.048      18.335]
Model diameter: 284.09 mm
10% threshold: 28.41 mm
Pose correct: True
Percentage of model diameter: 4.07
------------------------------
Frame 6:

Estimated Pose:
Rotation:
[    0.91841      0.3837    0.096379]
[    0.38596    -0.81547    -0.43132]
[  -0.086905     0.43333    -0.89704]
Roll (X): 154.22
Pitch (Y): 4.99
Yaw (Z): 22.79
Translation: [-13.77, 105.04, 952.98]

Ground Truth Pose:
Rotation:
[    0.91025     0.40975    0.060183]
[    0.39942    -0.83015    -0.38908]
[   -0.10946     0.37818    -0.91927]
Euler Angles (xyz, degrees):
Roll (X): 157.64
Pitch (Y): 6.28
Yaw (Z): 23.69
Translation: [-13.54, 103.44, 934.31]

Error Analysis:
Rotation Error (degrees):
Roll (X): -3.42
Pitch (Y): -1.30
Yaw (Z): -0.90
Total Rotation Error Euler: 3.77
Total Rotation Error Matrix: 3.65
Translation Error Vector [x, y, z]: [-0.23, 1.59, 18.66] mm
Translation Error Magnitude: 18.73 mm

ADD Error Analysis:
ADD Error: 19.75
Point-wise distances: [     11.655       15.89      22.743      24.703      13.192      18.546      24.208       27.06]
Model diameter: 284.09 mm
10% threshold: 28.41 mm
Pose correct: True
Percentage of model diameter: 6.95
------------------------------
Frame 7:

Estimated Pose:
Rotation:
[    0.92912     0.35751    0.094435]
[    0.36235    -0.82937    -0.42525]
[   -0.07371     0.42933    -0.90013]
Roll (X): 154.50
Pitch (Y): 4.23
Yaw (Z): 21.31
Translation: [-26.34, 120.65, 965.98]

Ground Truth Pose:
Rotation:
[    0.91944     0.38476    0.081592]
[    0.38545    -0.84018    -0.38156]
[  -0.078252     0.38226    -0.92077]
Euler Angles (xyz, degrees):
Roll (X): 157.45
Pitch (Y): 4.49
Yaw (Z): 22.74
Translation: [-24.81, 121.24, 962.62]

Error Analysis:
Rotation Error (degrees):
Roll (X): -2.95
Pitch (Y): -0.26
Yaw (Z): -1.44
Total Rotation Error Euler: 3.30
Total Rotation Error Matrix: 3.15
Translation Error Vector [x, y, z]: [-1.53, -0.59, 3.36] mm
Translation Error Magnitude: 3.74 mm

ADD Error Analysis:
ADD Error: 7.55
Point-wise distances: [     5.0104      5.0142      9.7856       10.31      3.0782       7.577      8.3163      11.296]
Model diameter: 284.09 mm
10% threshold: 28.41 mm
Pose correct: True
Percentage of model diameter: 2.66
------------------------------
Frame 8:

Estimated Pose:
Rotation:
[    0.96163     0.25092      0.1109]
[    0.27421     -0.8916    -0.36035]
[  0.0084589     0.37694     -0.9262]
Roll (X): 157.86
Pitch (Y): -0.48
Yaw (Z): 15.92
Translation: [-38.20, 167.99, 988.75]

Ground Truth Pose:
Rotation:
[    0.95727     0.27394    0.093033]
[    0.28924     -0.9135     -0.2862]
[  0.0065845     0.30087    -0.95367]
Euler Angles (xyz, degrees):
Roll (X): 162.49
Pitch (Y): -0.38
Yaw (Z): 16.81
Translation: [-35.07, 168.31, 978.16]

Error Analysis:
Rotation Error (degrees):
Roll (X): -4.64
Pitch (Y): -0.11
Yaw (Z): -0.90
Total Rotation Error Euler: 4.72
Total Rotation Error Matrix: 4.70
Translation Error Vector [x, y, z]: [-3.13, -0.32, 10.59] mm
Translation Error Magnitude: 11.05 mm

ADD Error Analysis:
ADD Error: 14.25
Point-wise distances: [     6.4373      10.745      19.006      20.954       4.964      12.132      18.274      21.455]
Model diameter: 284.09 mm
10% threshold: 28.41 mm
Pose correct: True
Percentage of model diameter: 5.01
------------------------------
Frame 9:

Estimated Pose:
Rotation:
[    0.94715     0.31974    0.025835]
[    0.31445    -0.90952    -0.27182]
[  -0.063414     0.26558      -0.962]
Roll (X): 164.57
Pitch (Y): 3.64
Yaw (Z): 18.37
Translation: [-36.79, 181.75, 1016.97]

Ground Truth Pose:
Rotation:
[    0.93689     0.34655    0.046947]
[    0.34831    -0.91264    -0.21409]
[  -0.031345     0.21692    -0.97571]
Euler Angles (xyz, degrees):
Roll (X): 167.47
Pitch (Y): 1.80
Yaw (Z): 20.39
Translation: [-32.59, 175.14, 962.46]

Error Analysis:
Rotation Error (degrees):
Roll (X): -2.90
Pitch (Y): 1.84
Yaw (Z): -2.03
Total Rotation Error Euler: 3.99
Total Rotation Error Matrix: 3.88
Translation Error Vector [x, y, z]: [-4.20, 6.61, 54.51] mm
Translation Error Magnitude: 55.07 mm

ADD Error Analysis:
ADD Error: 55.47
Point-wise distances: [     52.185      53.263      61.109      62.628      48.244      49.918      57.162      59.212]
Model diameter: 284.09 mm
10% threshold: 28.41 mm
Pose correct: False
Percentage of model diameter: 19.52
------------------------------
Frame 10:

Estimated Pose:
Rotation:
[    0.94346     0.32972    0.034082]
[     0.3234    -0.89305    -0.31285]
[  -0.072717     0.30618    -0.94919]
Roll (X): 162.12
Pitch (Y): 4.17
Yaw (Z): 18.92
Translation: [-30.73, 161.28, 988.32]

Ground Truth Pose:
Rotation:
[    0.93414     0.35286    0.054308]
[    0.35478    -0.90048    -0.25163]
[  -0.039886     0.25432    -0.96633]
Euler Angles (xyz, degrees):
Roll (X): 165.26
Pitch (Y): 2.29
Yaw (Z): 20.80
Translation: [-29.38, 159.88, 964.65]

Error Analysis:
Rotation Error (degrees):
Roll (X): -3.13
Pitch (Y): 1.88
Yaw (Z): -1.88
Total Rotation Error Euler: 4.11
Total Rotation Error Matrix: 3.99
Translation Error Vector [x, y, z]: [-1.35, 1.41, 23.67] mm
Translation Error Magnitude: 23.75 mm

ADD Error Analysis:
ADD Error: 24.73
Point-wise distances: [     20.782      22.619      30.015      32.313      16.748      20.146      25.898      29.318]
Model diameter: 284.09 mm
10% threshold: 28.41 mm
Pose correct: True
Percentage of model diameter: 8.71
------------------------------
Frame 11:

Estimated Pose:
Rotation:
[    0.85674     0.51536    0.020177]
[    0.44618    -0.72097    -0.53022]
[   -0.25871     0.46326    -0.84762]
Roll (X): 151.34
Pitch (Y): 14.99
Yaw (Z): 27.51
Translation: [-1.06, 140.33, 941.93]

Ground Truth Pose:
Rotation:
[    0.84056     0.54176   0.0056073]
[    0.46916    -0.72266    -0.50766]
[   -0.27097     0.42933    -0.86157]
Euler Angles (xyz, degrees):
Roll (X): 153.51
Pitch (Y): 15.72
Yaw (Z): 29.17
Translation: [-1.17, 139.38, 935.69]

Error Analysis:
Rotation Error (degrees):
Roll (X): -2.17
Pitch (Y): -0.73
Yaw (Z): -1.66
Total Rotation Error Euler: 2.83
Total Rotation Error Matrix: 2.41
Translation Error Vector [x, y, z]: [0.10, 0.95, 6.24] mm
Translation Error Magnitude: 6.32 mm

ADD Error Analysis:
ADD Error: 7.63
Point-wise distances: [     4.3151      4.9801      9.7134      10.203      3.5831      7.4253      9.3135      11.516]
Model diameter: 284.09 mm
10% threshold: 28.41 mm
Pose correct: True
Percentage of model diameter: 2.69
------------------------------
Frame 12:

Estimated Pose:
Rotation:
[    0.83059     0.55684   0.0072398]
[    0.43731    -0.64414    -0.62756]
[   -0.34479     0.52441    -0.77853]
Roll (X): 146.04
Pitch (Y): 20.17
Yaw (Z): 27.77
Translation: [2.09, 114.39, 950.61]

Ground Truth Pose:
Rotation:
[    0.82246     0.56886  -0.0043221]
[     0.4538    -0.66063    -0.59807]
[   -0.34307     0.48991    -0.80147]
Euler Angles (xyz, degrees):
Roll (X): 148.56
Pitch (Y): 20.06
Yaw (Z): 28.89
Translation: [2.61, 112.39, 946.29]

Error Analysis:
Rotation Error (degrees):
Roll (X): -2.53
Pitch (Y): 0.11
Yaw (Z): -1.12
Total Rotation Error Euler: 2.77
Total Rotation Error Matrix: 2.33
Translation Error Vector [x, y, z]: [-0.52, 2.01, 4.32] mm
Translation Error Magnitude: 4.80 mm

ADD Error Analysis:
ADD Error: 6.65
Point-wise distances: [     4.4078      4.0186      9.4867      9.9197      2.7759      5.0524      7.9098      9.5953]
Model diameter: 284.09 mm
10% threshold: 28.41 mm
Pose correct: True
Percentage of model diameter: 2.34
------------------------------
Frame 13:

Estimated Pose:
Rotation:
[    0.86721     0.49613   -0.042439]
[     0.3105    -0.60541    -0.73285]
[   -0.38928     0.62236    -0.67907]
Roll (X): 137.50
Pitch (Y): 22.91
Yaw (Z): 19.70
Translation: [61.89, 102.81, 924.84]

Ground Truth Pose:
Rotation:
[     0.8624     0.50146   -0.069756]
[    0.31462    -0.63876    -0.70218]
[   -0.39666      0.5836    -0.70861]
Euler Angles (xyz, degrees):
Roll (X): 140.53
Pitch (Y): 23.37
Yaw (Z): 20.04
Translation: [61.65, 100.31, 919.46]

Error Analysis:
Rotation Error (degrees):
Roll (X): -3.03
Pitch (Y): -0.46
Yaw (Z): -0.34
Total Rotation Error Euler: 3.08
Total Rotation Error Matrix: 2.90
Translation Error Vector [x, y, z]: [0.24, 2.49, 5.38] mm
Translation Error Magnitude: 5.93 mm

ADD Error Analysis:
ADD Error: 8.29
Point-wise distances: [     3.6821      6.2861      10.845      11.915      2.8592      7.2596      10.804      12.635]
Model diameter: 284.09 mm
10% threshold: 28.41 mm
Pose correct: True
Percentage of model diameter: 2.92
------------------------------
Frame 14:

Estimated Pose:
Rotation:
[    0.88028     0.47124   -0.055208]
[     0.2436    -0.54874    -0.79971]
[   -0.40715     0.69052    -0.59784]
Roll (X): 130.89
Pitch (Y): 24.03
Yaw (Z): 15.47
Translation: [85.12, 107.40, 905.69]

Ground Truth Pose:
Rotation:
[    0.87392     0.47669   -0.095441]
[    0.24014    -0.59398    -0.76784]
[    -0.4227     0.64808    -0.63354]
Euler Angles (xyz, degrees):
Roll (X): 134.35
Pitch (Y): 25.00
Yaw (Z): 15.36
Translation: [85.69, 104.20, 902.20]

Error Analysis:
Rotation Error (degrees):
Roll (X): -3.46
Pitch (Y): -0.98
Yaw (Z): 0.10
Total Rotation Error Euler: 3.60
Total Rotation Error Matrix: 3.60
Translation Error Vector [x, y, z]: [-0.57, 3.20, 3.49] mm
Translation Error Magnitude: 4.77 mm

ADD Error Analysis:
ADD Error: 9.12
Point-wise distances: [     6.6069      5.9135      11.923      11.099      5.3016      6.8383       12.46      12.791]
Model diameter: 284.09 mm
10% threshold: 28.41 mm
Pose correct: True
Percentage of model diameter: 3.21
------------------------------
Frame 15:

Estimated Pose:
Rotation:
[    0.89271     0.44438   -0.074808]
[    0.16441    -0.47575    -0.86408]
[   -0.41957     0.75907    -0.49777]
Roll (X): 123.26
Pitch (Y): 24.81
Yaw (Z): 10.44
Translation: [84.82, 128.26, 886.17]

Ground Truth Pose:
Rotation:
[    0.88567     0.44847    -0.12059]
[    0.15502    -0.53027    -0.83357]
[   -0.43776     0.71954    -0.53915]
Euler Angles (xyz, degrees):
Roll (X): 126.84
Pitch (Y): 25.96
Yaw (Z): 9.93
Translation: [83.67, 124.35, 881.16]

Error Analysis:
Rotation Error (degrees):
Roll (X): -3.59
Pitch (Y): -1.15
Yaw (Z): 0.51
Total Rotation Error Euler: 3.80
Total Rotation Error Matrix: 3.97
Translation Error Vector [x, y, z]: [1.15, 3.90, 5.01] mm
Translation Error Magnitude: 6.45 mm

ADD Error Analysis:
ADD Error: 10.39
Point-wise distances: [     5.0057      8.4665      12.579      13.773      3.8739      9.6137      13.864      15.952]
Model diameter: 284.09 mm
10% threshold: 28.41 mm
Pose correct: True
Percentage of model diameter: 3.66
------------------------------
Frame 16:

Estimated Pose:
Rotation:
[    0.89099      0.4536   -0.019368]
[     0.2059    -0.44172    -0.87321]
[   -0.40464     0.77403    -0.48696]
Roll (X): 122.18
Pitch (Y): 23.87
Yaw (Z): 13.01
Translation: [74.83, 69.62, 929.42]

Ground Truth Pose:
Rotation:
[    0.88389     0.46292   -0.067125]
[    0.19429    -0.49387    -0.84758]
[    -0.4255     0.73611    -0.52645]
Euler Angles (xyz, degrees):
Roll (X): 125.57
Pitch (Y): 25.18
Yaw (Z): 12.40
Translation: [74.14, 66.18, 920.26]

Error Analysis:
Rotation Error (degrees):
Roll (X): -3.40
Pitch (Y): -1.31
Yaw (Z): 0.61
Total Rotation Error Euler: 3.69
Total Rotation Error Matrix: 3.88
Translation Error Vector [x, y, z]: [0.70, 3.45, 9.15] mm
Translation Error Magnitude: 9.81 mm

ADD Error Analysis:
ADD Error: 12.14
Point-wise distances: [     3.5888      11.165      13.701      16.719      4.3775      12.834       15.58      19.192]
Model diameter: 284.09 mm
10% threshold: 28.41 mm
Pose correct: True
Percentage of model diameter: 4.28
------------------------------
Frame 17:

Estimated Pose:
Rotation:
[    0.90543     0.42115   -0.053152]
[    0.16628    -0.46708    -0.86844]
[   -0.39057     0.77747    -0.49294]
Roll (X): 122.38
Pitch (Y): 22.99
Yaw (Z): 10.41
Translation: [64.89, 53.10, 956.55]

Ground Truth Pose:
Rotation:
[     0.8996     0.42904   -0.081933]
[    0.16362    -0.50492    -0.84755]
[   -0.40499     0.74902    -0.52441]
Euler Angles (xyz, degrees):
Roll (X): 125.00
Pitch (Y): 23.89
Yaw (Z): 10.31
Translation: [64.02, 48.72, 949.79]

Error Analysis:
Rotation Error (degrees):
Roll (X): -2.62
Pitch (Y): -0.90
Yaw (Z): 0.10
Total Rotation Error Euler: 2.77
Total Rotation Error Matrix: 2.76
Translation Error Vector [x, y, z]: [0.86, 4.38, 6.76] mm
Translation Error Magnitude: 8.10 mm

ADD Error Analysis:
ADD Error: 9.49
Point-wise distances: [     3.2234      7.7612      11.567       13.23      3.7177      9.2609       12.42      14.751]
Model diameter: 284.09 mm
10% threshold: 28.41 mm
Pose correct: True
Percentage of model diameter: 3.34
------------------------------
Frame 18:

Estimated Pose:
Rotation:
[    0.98326     0.17658    -0.04493]
[   0.017514    -0.33704    -0.94133]
[   -0.18136     0.92478    -0.33449]
Roll (X): 109.89
Pitch (Y): 10.45
Yaw (Z): 1.02
Translation: [206.19, 91.59, 972.16]

Ground Truth Pose:
Rotation:
[      0.984     0.16784   -0.061805]
[    0.01125      -0.403    -0.91523]
[   -0.17852     0.89981     -0.3984]
Euler Angles (xyz, degrees):
Roll (X): 113.88
Pitch (Y): 10.28
Yaw (Z): 0.65
Translation: [206.45, 85.69, 970.37]

Error Analysis:
Rotation Error (degrees):
Roll (X): -4.00
Pitch (Y): 0.17
Yaw (Z): 0.37
Total Rotation Error Euler: 4.02
Total Rotation Error Matrix: 3.95
Translation Error Vector [x, y, z]: [-0.26, 5.90, 1.79] mm
Translation Error Magnitude: 6.17 mm

ADD Error Analysis:
ADD Error: 10.64
Point-wise distances: [     7.3596      6.5731      14.284      13.951      7.8391      6.0449      14.953      14.151]
Model diameter: 284.09 mm
10% threshold: 28.41 mm
Pose correct: True
Percentage of model diameter: 3.75
------------------------------
Frame 19:

Estimated Pose:
Rotation:
[    0.98469     0.17083   -0.034818]
[    0.01656    -0.29045    -0.95675]
[   -0.17355     0.94152    -0.28883]
Roll (X): 107.05
Pitch (Y): 9.99
Yaw (Z): 0.96
Translation: [185.11, 132.25, 944.73]

Ground Truth Pose:
Rotation:
[    0.98259     0.17757   -0.056743]
[   0.018603    -0.39632    -0.91802]
[    -0.1855     0.90091    -0.39269]
Euler Angles (xyz, degrees):
Roll (X): 113.55
Pitch (Y): 10.69
Yaw (Z): 1.08
Translation: [187.15, 123.80, 942.90]

Error Analysis:
Rotation Error (degrees):
Roll (X): -6.50
Pitch (Y): -0.69
Yaw (Z): -0.12
Total Rotation Error Euler: 6.53
Total Rotation Error Matrix: 6.43
Translation Error Vector [x, y, z]: [-2.05, 8.45, 1.83] mm
Translation Error Magnitude: 8.89 mm

ADD Error Analysis:
ADD Error: 16.57
Point-wise distances: [     13.321      9.0086      23.048      20.804      12.092      10.158      22.567      21.544]
Model diameter: 284.09 mm
10% threshold: 28.41 mm
Pose correct: True
Percentage of model diameter: 5.83
------------------------------
Frame 20:

Estimated Pose:
Rotation:
[    0.98043     0.19328   -0.037323]
[   0.024351    -0.30722    -0.95133]
[   -0.19534      0.9318    -0.30591]
Roll (X): 108.18
Pitch (Y): 11.26
Yaw (Z): 1.42
Translation: [192.41, 126.93, 922.43]

Ground Truth Pose:
Rotation:
[    0.97939     0.19376   -0.059065]
[   0.024494    -0.40278    -0.91507]
[   -0.20108     0.89468    -0.39919]
Euler Angles (xyz, degrees):
Roll (X): 114.04
Pitch (Y): 11.60
Yaw (Z): 1.43
Translation: [194.00, 117.72, 918.52]

Error Analysis:
Rotation Error (degrees):
Roll (X): -5.87
Pitch (Y): -0.33
Yaw (Z): -0.01
Total Rotation Error Euler: 5.88
Total Rotation Error Matrix: 5.78
Translation Error Vector [x, y, z]: [-1.59, 9.21, 3.91] mm
Translation Error Magnitude: 10.13 mm

ADD Error Analysis:
ADD Error: 15.92
Point-wise distances: [     10.358      9.7586      21.843      21.544      9.8275       10.32      21.764       21.97]
Model diameter: 284.09 mm
10% threshold: 28.41 mm
Pose correct: True
Percentage of model diameter: 5.61
------------------------------
Frame 21:

Estimated Pose:
Rotation:
[    0.97866     0.20425   -0.022633]
[   0.040002    -0.29736    -0.95393]
[   -0.20157     0.93266    -0.29919]
Roll (X): 107.79
Pitch (Y): 11.63
Yaw (Z): 2.34
Translation: [203.17, 109.90, 910.55]

Ground Truth Pose:
Rotation:
[    0.97906     0.19596   -0.057312]
[   0.022694    -0.38346    -0.92338]
[   -0.20292     0.90266    -0.37984]
Euler Angles (xyz, degrees):
Roll (X): 112.82
Pitch (Y): 11.71
Yaw (Z): 1.33
Translation: [206.07, 104.03, 915.95]

Error Analysis:
Rotation Error (degrees):
Roll (X): -5.03
Pitch (Y): -0.08
Yaw (Z): 1.01
Total Rotation Error Euler: 5.14
Total Rotation Error Matrix: 5.23
Translation Error Vector [x, y, z]: [-2.90, 5.88, -5.40] mm
Translation Error Magnitude: 8.49 mm

ADD Error Analysis:
ADD Error: 13.70
Point-wise distances: [     17.466      5.7967      19.767      11.167       17.46      4.0537       21.13      12.786]
Model diameter: 284.09 mm
10% threshold: 28.41 mm
Pose correct: True
Percentage of model diameter: 4.82
------------------------------
Frame 22:

Estimated Pose:
Rotation:
[    0.97983      0.1992    0.016105]
[   0.049552    -0.16409     -0.9852]
[    -0.1936     0.96612    -0.17065]
Roll (X): 100.02
Pitch (Y): 11.16
Yaw (Z): 2.90
Translation: [202.61, 110.57, 924.10]

Ground Truth Pose:
Rotation:
[    0.97925     0.20286   -0.012796]
[    0.03968    -0.25254    -0.96687]
[   -0.19936      0.9462    -0.25534]
Euler Angles (xyz, degrees):
Roll (X): 105.10
Pitch (Y): 11.50
Yaw (Z): 2.32
Translation: [207.01, 103.32, 930.97]

Error Analysis:
Rotation Error (degrees):
Roll (X): -5.08
Pitch (Y): -0.34
Yaw (Z): 0.57
Total Rotation Error Euler: 5.13
Total Rotation Error Matrix: 5.13
Translation Error Vector [x, y, z]: [-4.39, 7.24, -6.87] mm
Translation Error Magnitude: 10.91 mm

ADD Error Analysis:
ADD Error: 14.52
Point-wise distances: [     18.508      3.4163      22.694      13.464      18.003      2.4197       23.08      14.545]
Model diameter: 284.09 mm
10% threshold: 28.41 mm
Pose correct: True
Percentage of model diameter: 5.11
------------------------------
Frame 23:

Estimated Pose:
Rotation:
[    0.99259     0.12152   -0.002714]
[   0.016187    -0.15428    -0.98789]
[   -0.12047     0.98053     -0.1551]
Roll (X): 98.99
Pitch (Y): 6.92
Yaw (Z): 0.93
Translation: [162.65, 97.22, 947.20]

Ground Truth Pose:
Rotation:
[    0.98944     0.14102   -0.036837]
[ -0.0017971    -0.24098    -0.97062]
[   -0.14575     0.96035    -0.23817]
Euler Angles (xyz, degrees):
Roll (X): 103.93
Pitch (Y): 8.38
Yaw (Z): -0.10
Translation: [166.32, 88.89, 949.26]

Error Analysis:
Rotation Error (degrees):
Roll (X): -4.94
Pitch (Y): -1.46
Yaw (Z): 1.04
Total Rotation Error Euler: 5.25
Total Rotation Error Matrix: 5.28
Translation Error Vector [x, y, z]: [-3.67, 8.33, -2.06] mm
Translation Error Magnitude: 9.34 mm

ADD Error Analysis:
ADD Error: 14.06
Point-wise distances: [     14.315      3.7832      21.422      15.297      12.186      5.6489      21.818      18.032]
Model diameter: 284.09 mm
10% threshold: 28.41 mm
Pose correct: True
Percentage of model diameter: 4.95
------------------------------
Frame 24:

Estimated Pose:
Rotation:
[    0.97662     0.21498   0.0022166]
[   0.045605    -0.19708    -0.97933]
[    -0.2101     0.95653    -0.20227]
Roll (X): 101.94
Pitch (Y): 12.13
Yaw (Z): 2.67
Translation: [136.63, 104.54, 935.56]

Ground Truth Pose:
Rotation:
[    0.97759     0.20822   -0.034755]
[   0.029925     -0.2997    -0.95366]
[   -0.20897     0.93116    -0.29919]
Euler Angles (xyz, degrees):
Roll (X): 107.81
Pitch (Y): 12.06
Yaw (Z): 1.75
Translation: [142.46, 98.60, 953.52]

Error Analysis:
Rotation Error (degrees):
Roll (X): -5.87
Pitch (Y): 0.07
Yaw (Z): 0.92
Total Rotation Error Euler: 5.94
Total Rotation Error Matrix: 6.04
Translation Error Vector [x, y, z]: [-5.83, 5.94, -17.96] mm
Translation Error Magnitude: 19.80 mm

ADD Error Analysis:
ADD Error: 22.58
Point-wise distances: [     31.278      13.017      31.442      13.601      31.371      12.407      32.436       15.07]
Model diameter: 284.09 mm
10% threshold: 28.41 mm
Pose correct: True
Percentage of model diameter: 7.95
------------------------------
Frame 25:

Estimated Pose:
Rotation:
[    0.99658    0.082669  0.00011473]
[   0.027967    -0.33584     -0.9415]
[  -0.077794     0.93828      -0.337]
Roll (X): 109.76
Pitch (Y): 4.46
Yaw (Z): 1.61
Translation: [212.37, 177.35, 979.94]

Ground Truth Pose:
Rotation:
[    0.99568    0.094092  -0.0045566]
[   0.037326    -0.43851    -0.89805]
[  -0.086499     0.89392    -0.44008]
Euler Angles (xyz, degrees):
Roll (X): 116.21
Pitch (Y): 4.96
Yaw (Z): 2.15
Translation: [212.86, 167.56, 973.84]

Error Analysis:
Rotation Error (degrees):
Roll (X): -6.45
Pitch (Y): -0.50
Yaw (Z): -0.54
Total Rotation Error Euler: 6.49
Total Rotation Error Matrix: 6.37
Translation Error Vector [x, y, z]: [-0.49, 9.79, 6.10] mm
Translation Error Magnitude: 11.55 mm

ADD Error Analysis:
ADD Error: 17.59
Point-wise distances: [     9.8058      12.103      23.888      25.002      8.5728      13.224      22.947      25.141]
Model diameter: 284.09 mm
10% threshold: 28.41 mm
Pose correct: True
Percentage of model diameter: 6.19
------------------------------
Frame 26:

Estimated Pose:
Rotation:
[    0.99864    0.050038    0.014745]
[   0.034702    -0.42617    -0.90398]
[   -0.03895     0.90326    -0.42732]
Roll (X): 115.32
Pitch (Y): 2.23
Yaw (Z): 1.99
Translation: [259.05, 142.78, 987.81]

Ground Truth Pose:
Rotation:
[    0.99715     0.07147    0.028924]
[   0.061895    -0.51836    -0.85303]
[  -0.045979     0.85231    -0.52124]
Euler Angles (xyz, degrees):
Roll (X): 121.45
Pitch (Y): 2.63
Yaw (Z): 3.55
Translation: [254.19, 130.93, 969.47]

Error Analysis:
Rotation Error (degrees):
Roll (X): -6.13
Pitch (Y): -0.40
Yaw (Z): -1.56
Total Rotation Error Euler: 6.34
Total Rotation Error Matrix: 6.19
Translation Error Vector [x, y, z]: [4.86, 11.85, 18.34] mm
Translation Error Magnitude: 22.37 mm

ADD Error Analysis:
ADD Error: 25.21
Point-wise distances: [     13.391      23.079      30.071      35.849      11.928      23.971       28.06      35.317]
Model diameter: 284.09 mm
10% threshold: 28.41 mm
Pose correct: True
Percentage of model diameter: 8.87
------------------------------
Frame 27:

Estimated Pose:
Rotation:
[    0.98903     0.14726    0.011213]
[   0.078825    -0.46216    -0.88329]
[   -0.12489     0.87448     -0.4687]
Roll (X): 118.19
Pitch (Y): 7.17
Yaw (Z): 4.56
Translation: [244.62, 130.23, 974.31]

Ground Truth Pose:
Rotation:
[    0.98552     0.16915    0.019638]
[    0.11294    -0.56294    -0.81886]
[   -0.12746     0.80915    -0.57383]
Euler Angles (xyz, degrees):
Roll (X): 125.34
Pitch (Y): 7.32
Yaw (Z): 6.54
Translation: [244.12, 122.50, 965.57]

Error Analysis:
Rotation Error (degrees):
Roll (X): -7.15
Pitch (Y): -0.15
Yaw (Z): -1.98
Total Rotation Error Euler: 7.42
Total Rotation Error Matrix: 7.10
Translation Error Vector [x, y, z]: [0.50, 7.73, 8.74] mm
Translation Error Magnitude: 11.68 mm

ADD Error Analysis:
ADD Error: 18.88
Point-wise distances: [     10.431      14.242      25.248      27.765      8.6163       16.23      21.915      26.625]
Model diameter: 284.09 mm
10% threshold: 28.41 mm
Pose correct: True
Percentage of model diameter: 6.65
------------------------------
Frame 28:

Estimated Pose:
Rotation:
[    0.98198     0.18003    0.057455]
[    0.14354    -0.51279    -0.84643]
[   -0.12292     0.83942    -0.52939]
Roll (X): 122.24
Pitch (Y): 7.06
Yaw (Z): 8.32
Translation: [227.57, 166.56, 968.34]

Ground Truth Pose:
Rotation:
[    0.98092     0.18923    0.047217]
[    0.15359    -0.60024    -0.78506]
[   -0.12021     0.77726    -0.61778]
Euler Angles (xyz, degrees):
Roll (X): 128.48
Pitch (Y): 6.90
Yaw (Z): 8.90
Translation: [227.03, 156.92, 956.25]

Error Analysis:
Rotation Error (degrees):
Roll (X): -6.24
Pitch (Y): 0.16
Yaw (Z): -0.58
Total Rotation Error Euler: 6.27
Total Rotation Error Matrix: 6.11
Translation Error Vector [x, y, z]: [0.54, 9.64, 12.09] mm
Translation Error Magnitude: 15.47 mm

ADD Error Analysis:
ADD Error: 19.44
Point-wise distances: [     8.3895      15.757      25.815      29.097      7.4939      15.786      24.769       28.44]
Model diameter: 284.09 mm
10% threshold: 28.41 mm
Pose correct: True
Percentage of model diameter: 6.84
------------------------------
Frame 29:

Estimated Pose:
Rotation:
[    0.99325      -0.102    0.055158]
[  -0.025539    -0.65642    -0.75396]
[    0.11311     0.74747     -0.6546]
Roll (X): 131.21
Pitch (Y): -6.49
Yaw (Z): -1.47
Translation: [163.89, 110.15, 979.42]

Ground Truth Pose:
Rotation:
[    0.99716   -0.057718    0.050809]
[ -0.0078333    -0.73362    -0.67966]
[   0.076486     0.67727     -0.7319]
Euler Angles (xyz, degrees):
Roll (X): 137.22
Pitch (Y): -4.39
Yaw (Z): -0.45
Translation: [163.50, 100.08, 964.24]

Error Analysis:
Rotation Error (degrees):
Roll (X): -6.01
Pitch (Y): -2.11
Yaw (Z): -1.02
Total Rotation Error Euler: 6.45
Total Rotation Error Matrix: 6.46
Translation Error Vector [x, y, z]: [0.40, 10.07, 15.17] mm
Translation Error Magnitude: 18.21 mm

ADD Error Analysis:
ADD Error: 22.01
Point-wise distances: [     11.918      15.629      28.248      29.407      10.581      19.374      28.606      32.347]
Model diameter: 284.09 mm
10% threshold: 28.41 mm
Pose correct: True
Percentage of model diameter: 7.75
------------------------------
Frame 30:

Estimated Pose:
Rotation:
[    0.99376    -0.09459    0.059178]
[  -0.023801    -0.69789    -0.71581]
[    0.10901     0.70994    -0.69578]
Roll (X): 134.42
Pitch (Y): -6.26
Yaw (Z): -1.37
Translation: [156.74, 84.98, 960.30]

Ground Truth Pose:
Rotation:
[    0.99609   -0.066549    0.060156]
[  -0.013052    -0.77102    -0.63683]
[   0.088744     0.63351    -0.76877]
Euler Angles (xyz, degrees):
Roll (X): 140.51
Pitch (Y): -5.09
Yaw (Z): -0.75
Translation: [157.42, 76.62, 951.01]

Error Analysis:
Rotation Error (degrees):
Roll (X): -6.09
Pitch (Y): -1.17
Yaw (Z): -0.62
Total Rotation Error Euler: 6.23
Total Rotation Error Matrix: 6.20
Translation Error Vector [x, y, z]: [-0.69, 8.36, 9.30] mm
Translation Error Magnitude: 12.52 mm

ADD Error Analysis:
ADD Error: 17.83
Point-wise distances: [     11.635      10.155      24.774      23.865      9.7413      12.394      24.569      25.502]
Model diameter: 284.09 mm
10% threshold: 28.41 mm
Pose correct: True
Percentage of model diameter: 6.28
------------------------------
Frame 31:

Estimated Pose:
Rotation:
[    0.99706   -0.049929    0.058209]
[ 0.00090008    -0.75135     -0.6599]
[   0.076684     0.65801     -0.7491]
Roll (X): 138.70
Pitch (Y): -4.40
Yaw (Z): 0.05
Translation: [167.75, 134.69, 936.93]

Ground Truth Pose:
Rotation:
[    0.99769   -0.020244    0.066702]
[   0.021444    -0.82147    -0.57002]
[   0.066317     0.57009    -0.81903]
Euler Angles (xyz, degrees):
Roll (X): 145.16
Pitch (Y): -3.80
Yaw (Z): 1.23
Translation: [171.27, 126.87, 937.80]

Error Analysis:
Rotation Error (degrees):
Roll (X): -6.46
Pitch (Y): -0.60
Yaw (Z): -1.18
Total Rotation Error Euler: 6.59
Total Rotation Error Matrix: 6.59
Translation Error Vector [x, y, z]: [-3.52, 7.82, -0.88] mm
Translation Error Magnitude: 8.62 mm

ADD Error Analysis:
ADD Error: 16.63
Point-wise distances: [     19.657      6.9397      24.526      16.438      17.655       8.604      22.542      16.655]
Model diameter: 284.09 mm
10% threshold: 28.41 mm
Pose correct: True
Percentage of model diameter: 5.85
------------------------------
Frame 32:

Estimated Pose:
Rotation:
[    0.99372   -0.065968     0.09036]
[  0.0023268     -0.7953    -0.60621]
[    0.11185     0.60261    -0.79016]
Roll (X): 142.67
Pitch (Y): -6.42
Yaw (Z): 0.13
Translation: [155.58, 121.90, 942.96]

Ground Truth Pose:
Rotation:
[    0.99478   -0.019075     0.10148]
[    0.03358    -0.86973     -0.4926]
[    0.09764      0.4934    -0.86443]
Euler Angles (xyz, degrees):
Roll (X): 150.28
Pitch (Y): -5.60
Yaw (Z): 1.93
Translation: [159.90, 115.56, 947.84]

Error Analysis:
Rotation Error (degrees):
Roll (X): -7.61
Pitch (Y): -0.82
Yaw (Z): -1.80
Total Rotation Error Euler: 7.87
Total Rotation Error Matrix: 7.98
Translation Error Vector [x, y, z]: [-4.33, 6.35, -4.88] mm
Translation Error Magnitude: 9.10 mm

ADD Error Analysis:
ADD Error: 19.88
Point-wise distances: [     25.792      12.944      26.904      15.448      23.137      14.761       23.82        16.2]
Model diameter: 284.09 mm
10% threshold: 28.41 mm
Pose correct: True
Percentage of model diameter: 7.00
------------------------------
Frame 33:

Estimated Pose:
Rotation:
[    0.99186   -0.048442     0.11773]
[   0.032709    -0.79676    -0.60341]
[    0.12303     0.60235    -0.78869]
Roll (X): 142.63
Pitch (Y): -7.07
Yaw (Z): 1.89
Translation: [150.79, 135.64, 975.52]

Ground Truth Pose:
Rotation:
[    0.99393    -0.02408     0.10845]
[   0.032329    -0.87139    -0.48974]
[    0.10627     0.49024    -0.86521]
Euler Angles (xyz, degrees):
Roll (X): 150.46
Pitch (Y): -6.10
Yaw (Z): 1.86
Translation: [151.26, 125.82, 958.27]

Error Analysis:
Rotation Error (degrees):
Roll (X): -7.83
Pitch (Y): -0.97
Yaw (Z): 0.03
Total Rotation Error Euler: 7.89
Total Rotation Error Matrix: 7.82
Translation Error Vector [x, y, z]: [-0.46, 9.81, 17.25] mm
Translation Error Magnitude: 19.85 mm

ADD Error Analysis:
ADD Error: 25.12
Point-wise distances: [     14.102      16.035      33.777      34.495      14.086      17.443      34.816      36.176]
Model diameter: 284.09 mm
10% threshold: 28.41 mm
Pose correct: True
Percentage of model diameter: 8.84
------------------------------
Frame 34:

Estimated Pose:
Rotation:
[    0.99571   0.0094834    0.092081]
[   0.063556    -0.79326    -0.60556]
[   0.067302     0.60881    -0.79046]
Roll (X): 142.40
Pitch (Y): -3.86
Yaw (Z): 3.65
Translation: [147.97, 154.12, 972.67]

Ground Truth Pose:
Rotation:
[    0.99473    0.041759    0.094899]
[   0.084722    -0.85508    -0.51174]
[    0.05976     0.51704      -0.854]
Euler Angles (xyz, degrees):
Roll (X): 148.81
Pitch (Y): -3.43
Yaw (Z): 4.87
Translation: [149.44, 146.24, 966.66]

Error Analysis:
Rotation Error (degrees):
Roll (X): -6.41
Pitch (Y): -0.43
Yaw (Z): -1.22
Total Rotation Error Euler: 6.54
Total Rotation Error Matrix: 6.53
Translation Error Vector [x, y, z]: [-1.46, 7.88, 6.01] mm
Translation Error Magnitude: 10.02 mm

ADD Error Analysis:
ADD Error: 17.02
Point-wise distances: [     15.343        6.81      25.253      21.384      13.209        9.03      23.517       21.65]
Model diameter: 284.09 mm
10% threshold: 28.41 mm
Pose correct: True
Percentage of model diameter: 5.99
------------------------------
Frame 35:

Estimated Pose:
Rotation:
[     0.9912     0.12526    0.042828]
[    0.12144    -0.73167    -0.67075]
[   -0.05268     0.67005    -0.74044]
Roll (X): 137.86
Pitch (Y): 3.02
Yaw (Z): 6.99
Translation: [173.35, 151.14, 973.61]

Ground Truth Pose:
Rotation:
[    0.98673     0.16112     0.02558]
[    0.14458    -0.79104     -0.5946]
[  -0.075571     0.59036    -0.80373]
Euler Angles (xyz, degrees):
Roll (X): 143.70
Pitch (Y): 4.33
Yaw (Z): 8.34
Translation: [174.84, 143.34, 964.63]

Error Analysis:
Rotation Error (degrees):
Roll (X): -5.84
Pitch (Y): -1.31
Yaw (Z): -1.35
Total Rotation Error Euler: 6.14
Total Rotation Error Matrix: 5.97
Translation Error Vector [x, y, z]: [-1.50, 7.80, 8.99] mm
Translation Error Magnitude: 11.99 mm

ADD Error Analysis:
ADD Error: 16.97
Point-wise distances: [     12.269      8.3596       24.43       22.57      9.2073      11.509      23.274      24.136]
Model diameter: 284.09 mm
10% threshold: 28.41 mm
Pose correct: True
Percentage of model diameter: 5.97
------------------------------
Frame 36:

Estimated Pose:
Rotation:
[    0.98977     0.12765    0.063781]
[    0.14198    -0.83617    -0.52978]
[  -0.014295     0.53341    -0.84573]
Roll (X): 147.76
Pitch (Y): 0.82
Yaw (Z): 8.16
Translation: [144.57, 149.72, 963.19]

Ground Truth Pose:
Rotation:
[    0.99177     0.12407    0.035308]
[    0.12718    -0.89474    -0.42834]
[   -0.02156     0.42927    -0.90304]
Euler Angles (xyz, degrees):
Roll (X): 154.58
Pitch (Y): 1.24
Yaw (Z): 7.31
Translation: [146.55, 142.73, 954.57]

Error Analysis:
Rotation Error (degrees):
Roll (X): -6.82
Pitch (Y): -0.42
Yaw (Z): 0.86
Total Rotation Error Euler: 6.88
Total Rotation Error Matrix: 6.82
Translation Error Vector [x, y, z]: [-1.98, 6.99, 8.62] mm
Translation Error Magnitude: 11.27 mm

ADD Error Analysis:
ADD Error: 18.30
Point-wise distances: [     13.629        9.92      24.987      23.366      14.584      8.9883      26.655      24.239]
Model diameter: 284.09 mm
10% threshold: 28.41 mm
Pose correct: True
Percentage of model diameter: 6.44
------------------------------
Frame 37:

Estimated Pose:
Rotation:
[    0.99778    0.045989    0.048235]
[   0.060983    -0.92197    -0.38244]
[   0.026883     0.38453    -0.92272]
Roll (X): 157.38
Pitch (Y): -1.54
Yaw (Z): 3.50
Translation: [136.73, 169.22, 995.49]

Ground Truth Pose:
Rotation:
[     0.9956    0.080298    0.050756]
[   0.091029    -0.95927    -0.26785]
[   0.027169     0.27128    -0.96222]
Euler Angles (xyz, degrees):
Roll (X): 164.26
Pitch (Y): -1.56
Yaw (Z): 5.22
Translation: [140.56, 161.24, 980.06]

Error Analysis:
Rotation Error (degrees):
Roll (X): -6.88
Pitch (Y): 0.02
Yaw (Z): -1.73
Total Rotation Error Euler: 7.09
Total Rotation Error Matrix: 7.06
Translation Error Vector [x, y, z]: [-3.83, 7.99, 15.43] mm
Translation Error Magnitude: 17.79 mm

ADD Error Analysis:
ADD Error: 22.37
Point-wise distances: [     17.267      10.326      33.197      30.506      14.243      12.044      31.013      30.399]
Model diameter: 284.09 mm
10% threshold: 28.41 mm
Pose correct: True
Percentage of model diameter: 7.88
------------------------------
Frame 38:

Estimated Pose:
Rotation:
[     0.9746    -0.22382  -0.0078845]
[   -0.20793     -0.8912    -0.40315]
[   0.083207     0.39455     -0.9151]
Roll (X): 156.68
Pitch (Y): -4.77
Yaw (Z): -12.04
Translation: [204.90, 145.55, 965.19]

Ground Truth Pose:
Rotation:
[    0.98276    -0.16317     0.08837]
