Pose Errors for obj_000008
==================================================

Frame 0:

Estimated Pose:
Rotation:
[    0.23116      0.9711   -0.059353]
[    0.70112    -0.20857    -0.68186]
[   -0.67453       0.116    -0.72907]
Roll (X): 170.96
Pitch (Y): 42.42
Yaw (Z): 71.75
Translation: [103.83, -136.28, 983.95]

Ground Truth Pose:
Rotation:
[    0.29413     0.95669   -0.013495]
[    0.67532    -0.21757    -0.70606]
[   -0.67777     0.19826     -0.7094]
Euler Angles (xyz, degrees):
Roll (X): 164.39
Pitch (Y): 42.63
Yaw (Z): 66.49
Translation: [117.82, -138.15, 1069.61]

Error Analysis:
Rotation Error (degrees):
Roll (X): 6.57
Pitch (Y): -0.21
Yaw (Z): 5.26
Total Rotation Error Euler: 8.42
Total Rotation Error Matrix: 3.84
Translation Error Vector [x, y, z]: [-13.99, 1.87, -85.66] mm
Translation Error Magnitude: 86.82 mm

ADD Error Analysis:
ADD Error: 87.06
Point-wise distances: [     86.817      90.727      87.775      84.984      82.487      89.569      85.535      87.232      88.442]
Model diameter: 260.70 mm
10% threshold: 26.07 mm
Pose correct: False
Percentage of model diameter: 33.40
------------------------------
Frame 1:

Estimated Pose:
Rotation:
[    0.25544     0.96358   -0.079192]
[    0.66834    -0.23518     -0.7057]
[   -0.69862     0.12734    -0.70407]
Roll (X): 169.75
Pitch (Y): 44.32
Yaw (Z): 69.08
Translation: [65.49, -83.74, 994.48]

Ground Truth Pose:
Rotation:
[    0.33505     0.94274    0.030519]
[    0.71256    -0.23174    -0.66367]
[     -0.618     0.24377     -0.7487]
Euler Angles (xyz, degrees):
Roll (X): 161.96
Pitch (Y): 38.14
Yaw (Z): 64.84
Translation: [73.78, -81.65, 1063.64]

Error Analysis:
Rotation Error (degrees):
Roll (X): 7.78
Pitch (Y): 6.18
Yaw (Z): 4.24
Total Rotation Error Euler: 10.81
Total Rotation Error Matrix: 7.99
Translation Error Vector [x, y, z]: [-8.28, -2.09, -69.16] mm
Translation Error Magnitude: 69.69 mm

ADD Error Analysis:
ADD Error: 70.31
Point-wise distances: [     69.684      79.447       57.74      70.496      74.177      68.529      60.871      78.199      73.682]
Model diameter: 260.70 mm
10% threshold: 26.07 mm
Pose correct: False
Percentage of model diameter: 26.97
------------------------------
Frame 2:

Estimated Pose:
Rotation:
[    0.32477     0.94572    0.012082]
[    0.55526    -0.18031    -0.81189]
[   -0.76564     0.27038    -0.58368]
Roll (X): 155.14
Pitch (Y): 49.96
Yaw (Z): 59.68
Translation: [79.54, -93.18, 1047.44]

Ground Truth Pose:
Rotation:
[    0.34951     0.93769    0.023135]
[    0.75535    -0.26671    -0.60018]
[   -0.55608     0.22693    -0.80074]
Euler Angles (xyz, degrees):
Roll (X): 164.18
Pitch (Y): 33.76
Yaw (Z): 65.19
Translation: [81.09, -82.63, 1062.07]

Error Analysis:
Rotation Error (degrees):
Roll (X): -9.03
Pitch (Y): 16.21
Yaw (Z): -5.51
Total Rotation Error Euler: 19.36
Total Rotation Error Matrix: 17.27
Translation Error Vector [x, y, z]: [-1.56, -10.55, -14.63] mm
Translation Error Magnitude: 18.10 mm

ADD Error Analysis:
ADD Error: 33.53
Point-wise distances: [     18.105      56.332      22.115       33.23      46.262      34.937       17.12      37.211      36.497]
Model diameter: 260.70 mm
10% threshold: 26.07 mm
Pose correct: False
Percentage of model diameter: 12.86
------------------------------
Frame 3:

Estimated Pose:
Rotation:
[    0.39767     0.91329    0.088151]
[    0.46225    -0.11643    -0.87907]
[   -0.79258     0.39033    -0.46846]
Roll (X): 140.20
Pitch (Y): 52.43
Yaw (Z): 49.30
Translation: [98.50, -98.25, 1009.00]

Ground Truth Pose:
Rotation:
[    0.43225     0.90169   -0.045641]
[    0.78624    -0.40077    -0.47233]
[   -0.44377     0.16802    -0.88134]
Euler Angles (xyz, degrees):
Roll (X): 169.21
Pitch (Y): 26.32
Yaw (Z): 61.22
Translation: [102.12, -88.98, 1033.77]

Error Analysis:
Rotation Error (degrees):
Roll (X): -29.01
Pitch (Y): 26.10
Yaw (Z): -11.92
Total Rotation Error Euler: 40.80
Total Rotation Error Matrix: 34.57
Translation Error Vector [x, y, z]: [-3.62, -9.27, -24.77] mm
Translation Error Magnitude: 26.70 mm

ADD Error Analysis:
ADD Error: 58.57
Point-wise distances: [     26.698      88.634      40.437      70.613      88.805      57.176      27.732       72.18      54.847]
Model diameter: 260.70 mm
10% threshold: 26.07 mm
Pose correct: False
Percentage of model diameter: 22.47
------------------------------
Frame 4:

Estimated Pose:
Rotation:
[    0.42067     0.90721  -0.0014379]
[     0.4372    -0.20411     -0.8759]
[   -0.79492     0.36783     -0.4825]
Roll (X): 142.68
Pitch (Y): 52.65
Yaw (Z): 46.10
Translation: [4.99, -44.83, 987.91]

Ground Truth Pose:
Rotation:
[    0.43903     0.89845    0.044942]
[    0.79492    -0.36403    -0.48731]
[   -0.42106     0.24933    -0.87318]
Euler Angles (xyz, degrees):
Roll (X): 164.06
Pitch (Y): 24.88
Yaw (Z): 61.11
Translation: [5.58, -31.46, 995.14]

Error Analysis:
Rotation Error (degrees):
Roll (X): -21.38
Pitch (Y): 27.76
Yaw (Z): -15.00
Total Rotation Error Euler: 38.12
Total Rotation Error Matrix: 32.00
Translation Error Vector [x, y, z]: [-0.59, -13.37, -7.23] mm
Translation Error Magnitude: 15.21 mm

ADD Error Analysis:
ADD Error: 54.50
Point-wise distances: [      15.21      91.455      58.561      54.481      65.311      63.847      35.957      51.469      54.174]
Model diameter: 260.70 mm
10% threshold: 26.07 mm
Pose correct: False
Percentage of model diameter: 20.90
------------------------------
Frame 5:

Estimated Pose:
Rotation:
[    0.31726     0.94825   -0.012623]
[    0.35449    -0.13093    -0.92585]
[   -0.87959     0.28926    -0.37768]
Roll (X): 142.55
Pitch (Y): 61.59
Yaw (Z): 48.17
Translation: [-2.19, -82.04, 930.90]

Ground Truth Pose:
Rotation:
[    0.34177      0.9388    0.061647]
[    0.87822    -0.29477     -0.3791]
[   -0.33741     0.18344    -0.92435]
Euler Angles (xyz, degrees):
Roll (X): 168.77
Pitch (Y): 19.70
Yaw (Z): 68.76
Translation: [-3.03, -70.56, 949.43]

Error Analysis:
Rotation Error (degrees):
Roll (X): -26.22
Pitch (Y): 41.89
Yaw (Z): -20.59
Total Rotation Error Euler: 53.54
Total Rotation Error Matrix: 45.66
Translation Error Vector [x, y, z]: [0.84, -11.48, -18.53] mm
Translation Error Magnitude: 21.81 mm

ADD Error Analysis:
ADD Error: 76.32
Point-wise distances: [     21.815      125.47      76.767      87.309      100.25      79.563      39.423      84.004      72.287]
Model diameter: 260.70 mm
10% threshold: 26.07 mm
Pose correct: False
Percentage of model diameter: 29.28
------------------------------
Frame 6:

Estimated Pose:
Rotation:
[    0.30349     0.95222   -0.034234]
[    0.35954    -0.14772    -0.92136]
[    -0.8824     0.26731    -0.38719]
Roll (X): 145.38
Pitch (Y): 61.93
Yaw (Z): 49.83
Translation: [-26.91, -51.04, 952.81]

Ground Truth Pose:
Rotation:
[    0.33142     0.94041     0.08809]
[    0.87695    -0.27165    -0.39882]
[   -0.35078     0.20914    -0.91385]
Euler Angles (xyz, degrees):
Roll (X): 167.11
Pitch (Y): 20.52
Yaw (Z): 69.32
Translation: [-28.65, -39.91, 990.69]

Error Analysis:
Rotation Error (degrees):
Roll (X): -21.73
Pitch (Y): 41.41
Yaw (Z): -19.49
Total Rotation Error Euler: 50.66
Total Rotation Error Matrix: 44.14
Translation Error Vector [x, y, z]: [1.74, -11.13, -37.89] mm
Translation Error Magnitude: 39.53 mm

ADD Error Analysis:
ADD Error: 79.00
Point-wise distances: [     39.527      128.75      55.828      95.385      116.12      71.564      24.964      99.705      79.154]
Model diameter: 260.70 mm
10% threshold: 26.07 mm
Pose correct: False
Percentage of model diameter: 30.30
------------------------------
Frame 7:

Estimated Pose:
Rotation:
[    0.33822     0.93894   -0.063256]
[    0.34396    -0.18591     -0.9204]
[   -0.87595     0.28954    -0.38584]
Roll (X): 143.11
Pitch (Y): 61.16
Yaw (Z): 45.48
Translation: [-44.14, -35.66, 1009.23]

Ground Truth Pose:
Rotation:
[     0.3559     0.92919     0.10916]
[    0.87459    -0.28891    -0.39181]
[    -0.3322      0.2346    -0.91461]
Euler Angles (xyz, degrees):
Roll (X): 165.61
Pitch (Y): 19.39
Yaw (Z): 67.88
Translation: [-43.92, -22.36, 1017.13]

Error Analysis:
Rotation Error (degrees):
Roll (X): -22.50
Pitch (Y): 41.77
Yaw (Z): -22.40
Total Rotation Error Euler: 52.46
Total Rotation Error Matrix: 45.05
Translation Error Vector [x, y, z]: [-0.22, -13.30, -7.90] mm
Translation Error Magnitude: 15.47 mm

ADD Error Analysis:
ADD Error: 74.95
Point-wise distances: [     15.468      125.36      86.786      80.596      87.663      84.913      48.908      73.549      71.273]
Model diameter: 260.70 mm
10% threshold: 26.07 mm
Pose correct: False
Percentage of model diameter: 28.75
------------------------------
Frame 8:

Estimated Pose:
Rotation:
[    0.44223     0.89164    -0.09703]
[    0.22778    -0.21629    -0.94939]
[    -0.8675     0.39775    -0.29874]
Roll (X): 126.91
Pitch (Y): 60.17
Yaw (Z): 27.25
Translation: [-75.35, 12.50, 1022.08]

Ground Truth Pose:
Rotation:
[    0.46235     0.87981     0.11901]
[    0.86144    -0.41207    -0.29999]
[   -0.21468     0.24091    -0.94752]
Euler Angles (xyz, degrees):
Roll (X): 165.73
Pitch (Y): 12.39
Yaw (Z): 61.80
Translation: [-71.93, 22.59, 1015.11]

Error Analysis:
Rotation Error (degrees):
Roll (X): -38.82
Pitch (Y): 47.78
Yaw (Z): -34.54
Total Rotation Error Euler: 70.59
Total Rotation Error Matrix: 56.20
Translation Error Vector [x, y, z]: [-3.42, -10.09, 6.97] mm
Translation Error Magnitude: 12.73 mm

ADD Error Analysis:
ADD Error: 90.34
Point-wise distances: [     12.723      144.66      122.34      99.894      93.638      108.86      71.153      80.223      79.577]
Model diameter: 260.70 mm
10% threshold: 26.07 mm
Pose correct: False
Percentage of model diameter: 34.65
------------------------------
Frame 9:

Estimated Pose:
Rotation:
[    0.36181     0.93215    0.013642]
[     0.2598   -0.086765    -0.96176]
[   -0.89532     0.35152    -0.27356]
Roll (X): 127.89
Pitch (Y): 63.55
Yaw (Z): 35.68
Translation: [-55.72, 19.10, 942.98]

Ground Truth Pose:
Rotation:
[     0.3956     0.91651    0.074042]
[    0.90167    -0.37083    -0.22659]
[   -0.18005     0.15617    -0.97217]
Euler Angles (xyz, degrees):
Roll (X): 170.87
Pitch (Y): 10.36
Yaw (Z): 66.33
Translation: [-58.27, 25.20, 991.01]

Error Analysis:
Rotation Error (degrees):
Roll (X): -42.98
Pitch (Y): 53.18
Yaw (Z): -30.65
Total Rotation Error Euler: 74.94
Total Rotation Error Matrix: 61.16
Translation Error Vector [x, y, z]: [2.55, -6.10, -48.03] mm
Translation Error Magnitude: 48.49 mm

ADD Error Analysis:
ADD Error: 103.11
Point-wise distances: [     48.489       161.2      77.554      132.19      156.43      89.732        31.5      133.95      96.933]
Model diameter: 260.70 mm
10% threshold: 26.07 mm
Pose correct: False
Percentage of model diameter: 39.55
------------------------------
Frame 10:

Estimated Pose:
Rotation:
[    0.35702     0.93339    -0.03624]
[    0.23409    -0.12696    -0.96389]
[   -0.90429     0.33564    -0.26383]
Roll (X): 128.17
Pitch (Y): 64.73
Yaw (Z): 33.25
Translation: [-54.52, 3.71, 989.46]

Ground Truth Pose:
Rotation:
[    0.38913     0.91865    0.081485]
[    0.89729    -0.35663    -0.26376]
[   -0.21304      0.1755    -0.96215]
Euler Angles (xyz, degrees):
Roll (X): 169.66
Pitch (Y): 12.29
Yaw (Z): 66.58
Translation: [-53.99, 10.95, 998.91]

Error Analysis:
Rotation Error (degrees):
Roll (X): -41.49
Pitch (Y): 52.44
Yaw (Z): -33.32
Total Rotation Error Euler: 74.71
Total Rotation Error Matrix: 59.72
Translation Error Vector [x, y, z]: [-0.53, -7.24, -9.45] mm
Translation Error Magnitude: 11.92 mm

ADD Error Analysis:
ADD Error: 94.13
Point-wise distances: [     11.918       150.1      113.24       113.1      116.26      102.11      58.601      100.33      81.534]
Model diameter: 260.70 mm
10% threshold: 26.07 mm
Pose correct: False
Percentage of model diameter: 36.11
------------------------------
Frame 11:

Estimated Pose:
Rotation:
[    0.17229      0.9849   -0.017109]
[    0.48844     -0.1005    -0.86679]
[   -0.85542     0.14099    -0.49838]
Roll (X): 164.20
Pitch (Y): 58.81
Yaw (Z): 70.57
Translation: [5.97, -7.64, 1009.48]

Ground Truth Pose:
Rotation:
[    0.18756     0.98262    0.034877]
[    0.84704     -0.1434    -0.51368]
[   -0.49928     0.12567    -0.85841]
Euler Angles (xyz, degrees):
Roll (X): 171.67
Pitch (Y): 29.93
Yaw (Z): 77.54
Translation: [6.64, 4.70, 1011.57]

Error Analysis:
Rotation Error (degrees):
Roll (X): -7.47
Pitch (Y): 28.88
Yaw (Z): -6.97
Total Rotation Error Euler: 30.63
Total Rotation Error Matrix: 29.22
Translation Error Vector [x, y, z]: [-0.67, -12.34, -2.09] mm
Translation Error Magnitude: 12.54 mm

ADD Error Analysis:
ADD Error: 50.43
Point-wise distances: [     12.534       86.32      60.111      48.854      53.983      60.709      36.844      44.222      50.302]
Model diameter: 260.70 mm
10% threshold: 26.07 mm
Pose correct: False
Percentage of model diameter: 19.34
------------------------------
Frame 12:

Estimated Pose:
Rotation:
[    0.12343     0.99222   -0.016381]
[    0.57858   -0.085367    -0.81114]
[   -0.80623    0.090643    -0.58462]
Roll (X): 171.19
Pitch (Y): 53.73
Yaw (Z): 77.96
Translation: [14.72, -29.25, 1064.06]

Ground Truth Pose:
Rotation:
[    0.15541      0.9885    0.025149]
[    0.79137    -0.10904    -0.60312]
[   -0.59289     0.11342    -0.79847]
Euler Angles (xyz, degrees):
Roll (X): 171.92
Pitch (Y): 36.33
Yaw (Z): 78.92
Translation: [15.42, -13.06, 1036.04]

Error Analysis:
Rotation Error (degrees):
Roll (X): -0.73
Pitch (Y): 17.40
Yaw (Z): -0.96
Total Rotation Error Euler: 17.44
Total Rotation Error Matrix: 17.15
Translation Error Vector [x, y, z]: [-0.70, -16.19, 28.02] mm
Translation Error Magnitude: 32.37 mm

ADD Error Analysis:
ADD Error: 40.49
Point-wise distances: [     32.366      64.542      65.157      27.335      5.8063      62.073      53.059      7.3787      46.728]
Model diameter: 260.70 mm
10% threshold: 26.07 mm
Pose correct: False
Percentage of model diameter: 15.53
------------------------------
Frame 13:

Estimated Pose:
Rotation:
[    0.19644     0.97913    0.052094]
[    0.70007    -0.10286    -0.70662]
[   -0.68652     0.17528    -0.70567]
Roll (X): 166.05
Pitch (Y): 43.36
Yaw (Z): 74.33
Translation: [60.61, -25.03, 1013.00]

Ground Truth Pose:
Rotation:
[    0.23176      0.9729   -0.040936]
[    0.67931    -0.19167    -0.70973]
[   -0.69768     0.13644    -0.70467]
Euler Angles (xyz, degrees):
Roll (X): 169.05
Pitch (Y): 44.20
Yaw (Z): 71.19
Translation: [62.14, -11.78, 1026.20]

Error Analysis:
Rotation Error (degrees):
Roll (X): -2.99
Pitch (Y): -0.84
Yaw (Z): 3.13
Total Rotation Error Euler: 4.42
Total Rotation Error Matrix: 4.82
Translation Error Vector [x, y, z]: [-1.53, -13.25, -13.20] mm
Translation Error Magnitude: 18.76 mm

ADD Error Analysis:
ADD Error: 20.25
Point-wise distances: [     18.763       16.63      22.641      21.097      23.668      20.079      22.931      18.711      17.757]
Model diameter: 260.70 mm
10% threshold: 26.07 mm
Pose correct: True
Percentage of model diameter: 7.77
------------------------------
Frame 14:

Estimated Pose:
Rotation:
[    0.26639     0.95571     0.12512]
[    0.73025    -0.11539    -0.67337]
[   -0.62911     0.27075    -0.72864]
Roll (X): 159.62
Pitch (Y): 38.98
Yaw (Z): 69.96
Translation: [88.01, -16.75, 1110.52]

Ground Truth Pose:
Rotation:
[    0.25763     0.96493   -0.066927]
[    0.59537    -0.21278    -0.77601]
[    -0.7623     0.15981    -0.62871]
Euler Angles (xyz, degrees):
Roll (X): 165.74
Pitch (Y): 49.62
Yaw (Z): 66.63
Translation: [81.89, 3.67, 1019.83]

Error Analysis:
Rotation Error (degrees):
Roll (X): -6.13
Pitch (Y): -10.63
Yaw (Z): 3.33
Total Rotation Error Euler: 12.71
Total Rotation Error Matrix: 13.44
Translation Error Vector [x, y, z]: [6.12, -20.42, 90.69] mm
Translation Error Magnitude: 93.17 mm

ADD Error Analysis:
ADD Error: 94.56
Point-wise distances: [     93.165      99.373      77.433         102      107.82       86.02      81.426      109.07      94.695]
Model diameter: 260.70 mm
10% threshold: 26.07 mm
Pose correct: False
Percentage of model diameter: 36.27
------------------------------
Frame 15:

Estimated Pose:
Rotation:
[    0.28354     0.94676      0.1525]
[    0.82728    -0.16106    -0.53821]
[     -0.485     0.27877     -0.8289]
Roll (X): 161.41
Pitch (Y): 29.01
Yaw (Z): 71.08
Translation: [76.43, 24.45, 1008.27]

Ground Truth Pose:
Rotation:
[    0.28616     0.95473   -0.092448]
[    0.49035    -0.22853    -0.84217]
[   -0.82438     0.19537    -0.53305]
Euler Angles (xyz, degrees):
Roll (X): 159.87
Pitch (Y): 55.46
Yaw (Z): 59.76
Translation: [75.10, 38.73, 1009.82]

Error Analysis:
Rotation Error (degrees):
Roll (X): 1.54
Pitch (Y): -26.45
Yaw (Z): 11.32
Total Rotation Error Euler: 28.81
Total Rotation Error Matrix: 28.19
Translation Error Vector [x, y, z]: [1.33, -14.28, -1.55] mm
Translation Error Magnitude: 14.43 mm

ADD Error Analysis:
ADD Error: 47.65
Point-wise distances: [      14.43      57.447        68.6      69.477      56.228      43.289      40.188      55.771      23.385]
Model diameter: 260.70 mm
10% threshold: 26.07 mm
Pose correct: False
Percentage of model diameter: 18.28
------------------------------
Frame 16:

Estimated Pose:
Rotation:
[      0.244     0.95987     0.13823]
[    0.83671    -0.13631    -0.53041]
[   -0.49029     0.24507    -0.83639]
Roll (X): 163.67
Pitch (Y): 29.36
Yaw (Z): 73.74
Translation: [70.64, -30.33, 1045.05]

Ground Truth Pose:
Rotation:
[    0.27453     0.96181   -0.038685]
[    0.49106    -0.17454    -0.85459]
[    -0.8279      0.2153    -0.51974]
Euler Angles (xyz, degrees):
Roll (X): 157.50
Pitch (Y): 55.82
Yaw (Z): 60.82
Translation: [67.80, -17.64, 1050.24]

Error Analysis:
Rotation Error (degrees):
Roll (X): 6.17
Pitch (Y): -26.46
Yaw (Z): 12.92
Total Rotation Error Euler: 30.09
Total Rotation Error Matrix: 27.98
Translation Error Vector [x, y, z]: [2.84, -12.70, -5.18] mm
Translation Error Magnitude: 14.00 mm

ADD Error Analysis:
ADD Error: 47.68
Point-wise distances: [     14.005      58.349      71.879      67.855      53.142      46.045      41.452      51.983      24.381]
Model diameter: 260.70 mm
10% threshold: 26.07 mm
Pose correct: False
Percentage of model diameter: 18.29
------------------------------
Frame 17:

Estimated Pose:
Rotation:
[    0.33606     0.92548      0.1748]
[    0.82354    -0.19869    -0.53132]
[     -0.457     0.32251    -0.82894]
Roll (X): 158.74
Pitch (Y): 27.19
Yaw (Z): 67.80
Translation: [58.24, -52.78, 1138.11]

Ground Truth Pose:
Rotation:
[    0.30991     0.95026   -0.053903]
[     0.4779    -0.20439    -0.85543]
[   -0.82311     0.23901    -0.51698]
Euler Angles (xyz, degrees):
Roll (X): 155.19
Pitch (Y): 55.33
Yaw (Z): 57.06
Translation: [51.89, -34.20, 1079.92]

Error Analysis:
Rotation Error (degrees):
Roll (X): 3.55
Pitch (Y): -28.14
Yaw (Z): 10.74
Total Rotation Error Euler: 30.33
Total Rotation Error Matrix: 29.27
Translation Error Vector [x, y, z]: [6.35, -18.58, 58.19] mm
Translation Error Magnitude: 61.41 mm

ADD Error Analysis:
ADD Error: 73.30
Point-wise distances: [     61.411      91.797      41.303      100.84      109.94      46.137      33.496      106.33      68.454]
Model diameter: 260.70 mm
10% threshold: 26.07 mm
Pose correct: False
Percentage of model diameter: 28.12
------------------------------
Frame 18:

Estimated Pose:
Rotation:
[    0.34139     0.93955    0.026362]
[    0.89756    -0.31755    -0.30585]
[   -0.27899     0.12807    -0.95172]
Roll (X): 172.34
Pitch (Y): 16.20
Yaw (Z): 69.18
Translation: [175.79, 15.28, 1138.85]

Ground Truth Pose:
Rotation:
[    0.36926     0.92982   -0.032252]
[    0.28551    -0.14631    -0.94817]
[   -0.88548     0.34047    -0.31919]
Euler Angles (xyz, degrees):
Roll (X): 133.14
Pitch (Y): 62.23
Yaw (Z): 37.72
Translation: [173.16, 36.49, 1113.04]

Error Analysis:
Rotation Error (degrees):
Roll (X): 39.20
Pitch (Y): -46.03
Yaw (Z): 31.45
Total Rotation Error Euler: 68.15
Total Rotation Error Matrix: 53.63
Translation Error Vector [x, y, z]: [2.62, -21.20, 25.81] mm
Translation Error Magnitude: 33.50 mm

ADD Error Analysis:
ADD Error: 85.97
Point-wise distances: [      33.51       113.9      95.587       134.9      131.82      60.311      29.116      119.79      54.815]
Model diameter: 260.70 mm
10% threshold: 26.07 mm
Pose correct: False
Percentage of model diameter: 32.98
------------------------------
Frame 19:

Estimated Pose:
Rotation:
[    0.32339     0.94594   -0.024797]
[     0.9151     -0.3193    -0.24624]
[   -0.24085    0.056941    -0.96889]
Roll (X): 176.64
Pitch (Y): 13.94
Yaw (Z): 70.54
Translation: [155.38, 64.07, 1138.69]

Ground Truth Pose:
Rotation:
[     0.3606      0.9334   -0.026357]
[     0.2835     -0.1364    -0.95024]
[   -0.88968     0.33476    -0.31351]
Euler Angles (xyz, degrees):
Roll (X): 133.11
Pitch (Y): 62.75
Yaw (Z): 38.19
Translation: [155.28, 75.14, 1086.08]

Error Analysis:
Rotation Error (degrees):
Roll (X): 43.53
Pitch (Y): -48.81
Yaw (Z): 32.35
Total Rotation Error Euler: 72.97
Total Rotation Error Matrix: 57.51
Translation Error Vector [x, y, z]: [0.10, -11.07, 52.61] mm
Translation Error Magnitude: 53.77 mm

ADD Error Analysis:
ADD Error: 96.44
Point-wise distances: [     53.772      142.29      71.532      144.03      160.22      67.942      6.9593      137.28      83.906]
Model diameter: 260.70 mm
10% threshold: 26.07 mm
Pose correct: False
Percentage of model diameter: 36.99
------------------------------
Frame 20:

Estimated Pose:
Rotation:
[    0.29407     0.95473   -0.044913]
[    0.91573    -0.29489    -0.27291]
[    -0.2738    0.039128    -0.96099]
Roll (X): 177.67
Pitch (Y): 15.89
Yaw (Z): 72.20
Translation: [164.48, 56.82, 1107.65]

Ground Truth Pose:
Rotation:
[    0.34501     0.93924   -0.027269]
[    0.29228    -0.13492    -0.94779]
[   -0.89301     0.31862    -0.32077]
Euler Angles (xyz, degrees):
Roll (X): 135.18
Pitch (Y): 63.17
Yaw (Z): 40.28
Translation: [164.65, 67.77, 1061.79]

Error Analysis:
Rotation Error (degrees):
Roll (X): 42.49
Pitch (Y): -47.28
Yaw (Z): 31.91
Total Rotation Error Euler: 71.13
Total Rotation Error Matrix: 55.57
Translation Error Vector [x, y, z]: [-0.17, -10.96, 45.87] mm
Translation Error Magnitude: 47.16 mm

ADD Error Analysis:
ADD Error: 91.57
Point-wise distances: [     47.162      135.37      74.055      137.55      150.55      65.727      7.9822      128.33      77.357]
Model diameter: 260.70 mm
10% threshold: 26.07 mm
Pose correct: False
Percentage of model diameter: 35.12
------------------------------
Frame 21:

Estimated Pose:
Rotation:
[    0.29276     0.95546     -0.0372]
[    0.91347    -0.29097    -0.28444]
[    -0.2826    0.049293    -0.95797]
Roll (X): 177.05
Pitch (Y): 16.42
Yaw (Z): 72.23
Translation: [177.39, 37.62, 1088.26]

Ground Truth Pose:
Rotation:
[    0.34308        0.94    -0.02533]
[    0.27436    -0.12589    -0.95437]
[   -0.89942     0.32007     -0.3008]
Euler Angles (xyz, degrees):
Roll (X): 133.21
Pitch (Y): 63.99
Yaw (Z): 38.66
Translation: [177.04, 57.02, 1060.28]

Error Analysis:
Rotation Error (degrees):
Roll (X): 43.85
Pitch (Y): -47.58
Yaw (Z): 33.57
Total Rotation Error Euler: 72.89
Total Rotation Error Matrix: 56.07
Translation Error Vector [x, y, z]: [0.35, -19.39, 27.98] mm
Translation Error Magnitude: 34.05 mm

ADD Error Analysis:
ADD Error: 88.72
Point-wise distances: [     34.053      121.37      95.446      138.62      137.66      63.982      25.806      121.86      59.642]
Model diameter: 260.70 mm
10% threshold: 26.07 mm
Pose correct: False
Percentage of model diameter: 34.03
------------------------------
Frame 22:

Estimated Pose:
Rotation:
[    0.36935     0.92913   -0.017268]
[      0.916    -0.36714    -0.16173]
[   -0.15661    0.043916    -0.98668]
Roll (X): 177.45
Pitch (Y): 9.01
Yaw (Z): 68.04
Translation: [182.03, 62.04, 1148.49]

Ground Truth Pose:
Rotation:
[    0.34037     0.94112    0.019663]
[    0.16905   -0.040593    -0.98576]
[   -0.92601     0.33842    -0.17275]
Euler Angles (xyz, degrees):
Roll (X): 117.01
Pitch (Y): 67.71
Yaw (Z): 26.41
Translation: [178.51, 74.41, 1080.08]

Error Analysis:
Rotation Error (degrees):
Roll (X): 60.44
Pitch (Y): -58.70
Yaw (Z): 41.63
Total Rotation Error Euler: 93.98
Total Rotation Error Matrix: 70.75
Translation Error Vector [x, y, z]: [3.52, -12.37, 68.41] mm
Translation Error Magnitude: 69.61 mm

ADD Error Analysis:
ADD Error: 117.95
Point-wise distances: [     69.611      169.81      81.371      175.66      197.29      80.439      11.531      172.97      102.87]
Model diameter: 260.70 mm
10% threshold: 26.07 mm
Pose correct: False
Percentage of model diameter: 45.24
------------------------------
Frame 23:

Estimated Pose:
Rotation:
[    0.38544     0.92205    0.035457]
[    0.91302    -0.37555    -0.15923]
[   -0.13351    0.093749     -0.9866]
Roll (X): 174.57
Pitch (Y): 7.67
Yaw (Z): 67.11
Translation: [126.83, 54.29, 1131.70]

Ground Truth Pose:
Rotation:
[    0.39662       0.919  -0.0096858]
[    0.13721   -0.069693    -0.98907]
[   -0.90874     0.39048    -0.15358]
Euler Angles (xyz, degrees):
Roll (X): 111.43
Pitch (Y): 65.23
Yaw (Z): 19.07
Translation: [128.64, 64.09, 1097.08]

Error Analysis:
Rotation Error (degrees):
Roll (X): 63.14
Pitch (Y): -57.56
Yaw (Z): 48.04
Total Rotation Error Euler: 98.02
Total Rotation Error Matrix: 71.99
Translation Error Vector [x, y, z]: [-1.81, -9.80, 34.62] mm
Translation Error Magnitude: 36.03 mm

ADD Error Analysis:
ADD Error: 110.84
Point-wise distances: [     36.035      162.14      112.77       159.4      166.25      92.983      36.424      146.17      85.392]
Model diameter: 260.70 mm
10% threshold: 26.07 mm
Pose correct: False
Percentage of model diameter: 42.52
------------------------------
Frame 24:

Estimated Pose:
Rotation:
[    0.30795     0.95135   0.0099784]
[    0.92927    -0.29852    -0.21759]
[   -0.20402    0.076278    -0.97599]
Roll (X): 175.53
Pitch (Y): 11.77
Yaw (Z): 71.67
Translation: [112.17, 51.60, 1125.99]

Ground Truth Pose:
Rotation:
[    0.33345      0.9438  -0.0017707]
[    0.20491   -0.074272    -0.97695]
[   -0.92128     0.32499    -0.21795]
Euler Angles (xyz, degrees):
Roll (X): 123.82
Pitch (Y): 67.01
Yaw (Z): 31.57
Translation: [115.04, 63.40, 1101.48]

Error Analysis:
Rotation Error (degrees):
Roll (X): 51.71
Pitch (Y): -55.23
Yaw (Z): 40.09
Total Rotation Error Euler: 85.63
Total Rotation Error Matrix: 64.81
Translation Error Vector [x, y, z]: [-2.87, -11.80, 24.51] mm
Translation Error Magnitude: 27.35 mm

ADD Error Analysis:
ADD Error: 100.51
Point-wise distances: [     27.357      145.49      112.11       145.6       145.9      85.734      39.795       129.3      73.313]
Model diameter: 260.70 mm
10% threshold: 26.07 mm
Pose correct: False
Percentage of model diameter: 38.55
------------------------------
Frame 25:

Estimated Pose:
Rotation:
[    0.40722     0.91207   -0.047906]
[    0.85755    -0.39988    -0.32359]
[   -0.31429    0.090691    -0.94498]
Roll (X): 174.52
Pitch (Y): 18.32
Yaw (Z): 64.60
Translation: [166.15, 99.50, 1145.63]

Ground Truth Pose:
Rotation:
[    0.44197     0.89794    0.018381]
[    0.33054    -0.14361    -0.93384]
[   -0.83507      0.4183    -0.35992]
Euler Angles (xyz, degrees):
Roll (X): 130.69
Pitch (Y): 56.56
Yaw (Z): 36.80
Translation: [167.81, 111.59, 1110.66]

Error Analysis:
Rotation Error (degrees):
Roll (X): 43.82
Pitch (Y): -38.24
Yaw (Z): 27.80
Total Rotation Error Euler: 64.46
Total Rotation Error Matrix: 50.15
Translation Error Vector [x, y, z]: [-1.66, -12.09, 34.97] mm
Translation Error Magnitude: 37.04 mm

ADD Error Analysis:
ADD Error: 79.95
Point-wise distances: [     37.043      112.91      68.026      123.44      131.09      59.639       11.99      113.66       61.74]
Model diameter: 260.70 mm
10% threshold: 26.07 mm
Pose correct: False
Percentage of model diameter: 30.67
------------------------------
Frame 26:

Estimated Pose:
Rotation:
[    0.42716       0.902   -0.062722]
[    0.81667    -0.41466    -0.40139]
[   -0.38806     0.12023    -0.91376]
Roll (X): 172.50
Pitch (Y): 22.83
Yaw (Z): 62.39
Translation: [202.02, 48.62, 1103.70]

Ground Truth Pose:
Rotation:
[    0.46426     0.88542    0.049751]
[    0.41435    -0.16696    -0.89575]
[   -0.78403     0.43595    -0.44396]
Euler Angles (xyz, degrees):
Roll (X): 135.51
Pitch (Y): 51.58
Yaw (Z): 41.76
Translation: [205.50, 61.70, 1098.77]

Error Analysis:
Rotation Error (degrees):
Roll (X): 36.99
Pitch (Y): -28.75
Yaw (Z): 20.63
Total Rotation Error Euler: 51.19
Total Rotation Error Matrix: 40.39
Translation Error Vector [x, y, z]: [-3.48, -13.08, 4.93] mm
Translation Error Magnitude: 14.41 mm

ADD Error Analysis:
ADD Error: 61.53
Point-wise distances: [      14.41      81.165      73.828      94.117      85.897      58.385      29.226      79.913      36.856]
Model diameter: 260.70 mm
10% threshold: 26.07 mm
Pose correct: False
Percentage of model diameter: 23.60
------------------------------
Frame 27:

Estimated Pose:
Rotation:
[    0.35232     0.93137   -0.091714]
[    0.82295    -0.35498    -0.44356]
[   -0.44568      0.0808    -0.89154]
Roll (X): 174.82
Pitch (Y): 26.47
Yaw (Z): 66.82
Translation: [210.44, 29.72, 1128.58]

Ground Truth Pose:
Rotation:
[    0.37453     0.92698    0.049066]
[    0.48135    -0.14872    -0.86494]
[    -0.7937     0.34712    -0.50142]
Euler Angles (xyz, degrees):
Roll (X): 145.30
Pitch (Y): 52.48
Yaw (Z): 52.13
Translation: [210.13, 43.58, 1094.02]

Error Analysis:
Rotation Error (degrees):
Roll (X): 29.52
Pitch (Y): -26.01
Yaw (Z): 14.69
Total Rotation Error Euler: 42.00
Total Rotation Error Matrix: 34.30
Translation Error Vector [x, y, z]: [0.31, -13.86, 34.57] mm
Translation Error Magnitude: 37.24 mm

ADD Error Analysis:
ADD Error: 59.06
Point-wise distances: [     37.247      76.607      39.007      94.896      102.29      36.145      9.6509      89.596      46.062]
Model diameter: 260.70 mm
10% threshold: 26.07 mm
Pose correct: False
Percentage of model diameter: 22.65
------------------------------
Frame 28:

Estimated Pose:
Rotation:
[    0.31528     0.94268    -0.10935]
[    0.79882    -0.32583    -0.50569]
[   -0.51233    0.072087    -0.85576]
Roll (X): 175.18
Pitch (Y): 30.82
Yaw (Z): 68.46
Translation: [196.64, 54.75, 1097.02]

Ground Truth Pose:
Rotation:
[    0.35695     0.93189    0.078286]
[    0.53668    -0.13551    -0.83399]
[   -0.76583     0.33927    -0.54798]
Euler Angles (xyz, degrees):
Roll (X): 148.23
Pitch (Y): 49.93
Yaw (Z): 56.39
Translation: [195.91, 69.96, 1080.16]

Error Analysis:
Rotation Error (degrees):
Roll (X): 26.95
Pitch (Y): -19.11
Yaw (Z): 12.07
Total Rotation Error Euler: 35.18
Total Rotation Error Matrix: 28.19
Translation Error Vector [x, y, z]: [0.74, -15.21, 16.87] mm
Translation Error Magnitude: 22.72 mm

ADD Error Analysis:
ADD Error: 44.34
Point-wise distances: [     22.727      53.222      39.416      75.936      74.389      30.491      8.7343      67.917       26.27]
Model diameter: 260.70 mm
10% threshold: 26.07 mm
Pose correct: False
Percentage of model diameter: 17.01
------------------------------
Frame 29:

Estimated Pose:
Rotation:
[    0.53152      0.8461   -0.040064]
[    0.63116    -0.42715    -0.64744]
[   -0.56491     0.31884    -0.76106]
Roll (X): 157.27
Pitch (Y): 34.40
Yaw (Z): 49.90
Translation: [90.32, -10.95, 1057.11]

Ground Truth Pose:
Rotation:
[    0.57553      0.8168    0.060005]
[    0.57257    -0.34886    -0.74322]
[   -0.58554     0.46156    -0.66781]
Euler Angles (xyz, degrees):
Roll (X): 145.34
Pitch (Y): 35.81
Yaw (Z): 44.87
Translation: [96.17, 2.56, 1063.45]

Error Analysis:
Rotation Error (degrees):
Roll (X): 11.93
Pitch (Y): -1.42
Yaw (Z): 5.03
Total Rotation Error Euler: 13.02
Total Rotation Error Matrix: 9.53
Translation Error Vector [x, y, z]: [-5.86, -13.51, -6.34] mm
Translation Error Magnitude: 16.03 mm

ADD Error Analysis:
ADD Error: 21.17
Point-wise distances: [     16.029      23.614      21.389      28.558      20.053      22.581      15.441      25.917      16.908]
Model diameter: 260.70 mm
10% threshold: 26.07 mm
Pose correct: True
Percentage of model diameter: 8.12
------------------------------
Frame 30:

Estimated Pose:
Rotation:
[    0.54067     0.84067   -0.030755]
[    0.59805    -0.40983    -0.68875]
[   -0.59162     0.35399    -0.72434]
Roll (X): 153.95
Pitch (Y): 36.27
Yaw (Z): 47.88
Translation: [84.96, -40.47, 1039.97]

Ground Truth Pose:
Rotation:
[    0.58312     0.81073    0.068517]
[    0.60455    -0.37534    -0.70396]
[   -0.54445     0.45137    -0.70831]
Euler Angles (xyz, degrees):
Roll (X): 147.48
Pitch (Y): 32.96
Yaw (Z): 46.05
Translation: [88.81, -26.34, 1043.61]

Error Analysis:
Rotation Error (degrees):
Roll (X): 6.47
Pitch (Y): 3.31
Yaw (Z): 1.84
Total Rotation Error Euler: 7.50
Total Rotation Error Matrix: 5.76
Translation Error Vector [x, y, z]: [-3.85, -14.13, -3.64] mm
Translation Error Magnitude: 15.09 mm

ADD Error Analysis:
ADD Error: 17.69
Point-wise distances: [     15.092      24.506      13.524      18.073      15.552      19.903      14.636      19.087      18.836]
Model diameter: 260.70 mm
10% threshold: 26.07 mm
Pose correct: True
Percentage of model diameter: 6.79
------------------------------
Frame 31:

Estimated Pose:
Rotation:
[    0.51713      0.8554   -0.029608]
[    0.53857    -0.35209    -0.76549]
[   -0.66522     0.37991    -0.64276]
Roll (X): 149.41
Pitch (Y): 41.70
Yaw (Z): 46.16
Translation: [107.72, 1.01, 1014.28]

Ground Truth Pose:
Rotation:
[    0.54506     0.83584    0.079208]
[    0.67009    -0.37619    -0.64137]
[   -0.50578     0.40218     -0.7644]
Euler Angles (xyz, degrees):
Roll (X): 152.24
Pitch (Y): 30.36
Yaw (Z): 50.89
Translation: [109.11, 14.04, 1023.17]

Error Analysis:
Rotation Error (degrees):
Roll (X): -2.83
Pitch (Y): 11.34
Yaw (Z): -4.73
Total Rotation Error Euler: 12.61
Total Rotation Error Matrix: 11.57
Translation Error Vector [x, y, z]: [-1.39, -13.03, -8.89] mm
Translation Error Magnitude: 15.83 mm

ADD Error Analysis:
ADD Error: 25.32
Point-wise distances: [     15.831      44.835      18.092      17.988       29.15      30.017      17.276      24.353      30.314]
Model diameter: 260.70 mm
10% threshold: 26.07 mm
Pose correct: True
Percentage of model diameter: 9.71
------------------------------
Frame 32:

Estimated Pose:
Rotation:
[    0.51551     0.85658   -0.022778]
[    0.48179    -0.31173    -0.81896]
[   -0.70861     0.41121    -0.57339]
Roll (X): 144.35
Pitch (Y): 45.12
Yaw (Z): 43.06
Translation: [97.81, -20.23, 1001.37]

Ground Truth Pose:
Rotation:
[    0.54493     0.83191     0.11394]
[    0.72277    -0.39559    -0.56834]
[    -0.4273     0.39158    -0.81606]
Euler Angles (xyz, degrees):
Roll (X): 154.36
Pitch (Y): 25.28
Yaw (Z): 53.00
Translation: [97.74, -5.62, 1020.88]

Error Analysis:
Rotation Error (degrees):
Roll (X): -10.01
Pitch (Y): 19.84
Yaw (Z): -9.94
Total Rotation Error Euler: 24.34
Total Rotation Error Matrix: 21.59
Translation Error Vector [x, y, z]: [0.07, -14.60, -19.50] mm
Translation Error Magnitude: 24.36 mm

ADD Error Analysis:
ADD Error: 42.86
Point-wise distances: [     24.365      73.107       27.42       40.41      57.387       45.21      22.475      47.405      47.928]
Model diameter: 260.70 mm
10% threshold: 26.07 mm
Pose correct: False
Percentage of model diameter: 16.44
------------------------------
Frame 33:

Estimated Pose:
Rotation:
[     0.5201     0.85314   -0.040561]
[    0.46903    -0.32497    -0.82122]
[    -0.7138     0.40809    -0.56916]
Roll (X): 144.36
Pitch (Y): 45.55
Yaw (Z): 42.04
Translation: [89.70, -9.72, 1028.39]

Ground Truth Pose:
Rotation:
[    0.54922     0.82817     0.12042]
[    0.72372    -0.39769    -0.56566]
[   -0.42015     0.39734    -0.81699]
Euler Angles (xyz, degrees):
Roll (X): 154.06
Pitch (Y): 24.83
Yaw (Z): 52.82
Translation: [88.36, 4.45, 1030.35]

Error Analysis:
Rotation Error (degrees):
Roll (X): -9.70
Pitch (Y): 20.72
Yaw (Z): -10.78
Total Rotation Error Euler: 25.29
Total Rotation Error Matrix: 22.51
Translation Error Vector [x, y, z]: [1.34, -14.17, -1.97] mm
Translation Error Magnitude: 14.37 mm

ADD Error Analysis:
ADD Error: 40.76
Point-wise distances: [     14.372      69.933      46.346      35.279      42.365      49.889      31.516       34.55      42.588]
Model diameter: 260.70 mm
10% threshold: 26.07 mm
Pose correct: False
Percentage of model diameter: 15.63
------------------------------
Frame 34:

Estimated Pose:
Rotation:
[    0.48913     0.87034   -0.057081]
[    0.47857    -0.32251    -0.81667]
[    -0.7292     0.37214    -0.57427]
Roll (X): 147.06
Pitch (Y): 46.82
Yaw (Z): 44.37
Translation: [95.41, 10.53, 1034.67]

Ground Truth Pose:
Rotation:
[    0.49277     0.86397     0.11282]
[    0.73583    -0.34323    -0.58536]
[   -0.46655       0.371     -0.8041]
Euler Angles (xyz, degrees):
Roll (X): 155.23
Pitch (Y): 27.79
Yaw (Z): 56.21
Translation: [96.01, 24.33, 1045.18]

Error Analysis:
Rotation Error (degrees):
Roll (X): -8.17
Pitch (Y): 19.03
Yaw (Z): -11.83
Total Rotation Error Euler: 23.85
Total Rotation Error Matrix: 20.98
Translation Error Vector [x, y, z]: [-0.60, -13.80, -10.52] mm
Translation Error Magnitude: 17.36 mm

ADD Error Analysis:
ADD Error: 39.26
Point-wise distances: [      17.36      69.036      34.577       35.12      47.441      44.991      23.099      38.583      43.114]
Model diameter: 260.70 mm
10% threshold: 26.07 mm
Pose correct: False
Percentage of model diameter: 15.06
------------------------------
Frame 35:

Estimated Pose:
Rotation:
[    0.36203     0.93171   -0.029125]
[    0.61253    -0.26133      -0.746]
[   -0.70267     0.25223    -0.66531]
Roll (X): 159.24
Pitch (Y): 44.64
Yaw (Z): 59.42
Translation: [141.91, 14.66, 1072.09]

Ground Truth Pose:
Rotation:
[     0.3824     0.92347    0.054288]
[    0.70714    -0.25392    -0.66136]
[   -0.59637      0.2909     -0.7494]
Euler Angles (xyz, degrees):
Roll (X): 158.78
Pitch (Y): 36.58
Yaw (Z): 61.62
Translation: [139.58, 27.85, 1061.07]

Error Analysis:
Rotation Error (degrees):
Roll (X): 0.45
Pitch (Y): 8.06
Yaw (Z): -2.20
Total Rotation Error Euler: 8.37
Total Rotation Error Matrix: 7.87
Translation Error Vector [x, y, z]: [2.33, -13.19, 11.02] mm
Translation Error Magnitude: 17.34 mm

ADD Error Analysis:
ADD Error: 22.18
Point-wise distances: [      17.34      33.288      29.111       14.96      12.899      30.031      25.313      12.095      24.563]
Model diameter: 260.70 mm
10% threshold: 26.07 mm
Pose correct: True
Percentage of model diameter: 8.51
------------------------------
Frame 36:

Estimated Pose:
Rotation:
[     0.3842     0.92316   -0.012924]
[    0.46846    -0.20699     -0.8589]
[   -0.79557     0.32394    -0.51199]
Roll (X): 147.68
Pitch (Y): 52.71
Yaw (Z): 50.64
Translation: [106.56, -2.03, 1032.77]

Ground Truth Pose:
Rotation:
[    0.41719     0.90788    0.060742]
[    0.79753    -0.33265    -0.50516]
[   -0.43799     0.25884    -0.86201]
Euler Angles (xyz, degrees):
Roll (X): 163.28
Pitch (Y): 25.96
Yaw (Z): 62.41
Translation: [105.61, 11.86, 1025.84]

Error Analysis:
Rotation Error (degrees):
Roll (X): -15.61
Pitch (Y): 26.75
Yaw (Z): -11.76
Total Rotation Error Euler: 33.13
Total Rotation Error Matrix: 29.10
Translation Error Vector [x, y, z]: [0.94, -13.89, 6.93] mm
Translation Error Magnitude: 15.55 mm

ADD Error Analysis:
ADD Error: 50.85
Point-wise distances: [     15.546      84.643       68.34       45.04      45.398      66.346      45.526      36.343       50.43]
Model diameter: 260.70 mm
10% threshold: 26.07 mm
Pose correct: False
Percentage of model diameter: 19.50
------------------------------
Frame 37:

Estimated Pose:
Rotation:
[    0.42992     0.90284   0.0070954]
[    0.30544    -0.13804    -0.94215]
[   -0.84963     0.40722    -0.33511]
Roll (X): 129.45
Pitch (Y): 58.17
Yaw (Z): 35.39
Translation: [91.69, 10.26, 1021.16]

Ground Truth Pose:
Rotation:
[    0.45745     0.88741     0.07228]
[     0.8444     -0.4066    -0.35149]
[   -0.28226     0.22152    -0.93444]
Euler Angles (xyz, degrees):
Roll (X): 166.66
Pitch (Y): 16.38
Yaw (Z): 61.57
Translation: [93.01, 21.72, 1026.52]

Error Analysis:
Rotation Error (degrees):
Roll (X): -37.21
