Pose Errors for obj_000005
==================================================

Frame 0:

Estimated Pose:
Rotation:
[   -0.90542     -0.4242   -0.016102]
[   -0.28088     0.62709    -0.72655]
[     0.3183    -0.65331    -0.68693]
Roll (X): -136.44
Pitch (Y): -18.56
Yaw (Z): -162.77
Translation: [128.60, -12.09, 983.28]

Ground Truth Pose:
Rotation:
[    0.89422     0.44576   -0.041793]
[    0.29322    -0.65362    -0.69775]
[   -0.33833     0.61167    -0.71516]
Euler Angles (xyz, degrees):
Roll (X): 139.46
Pitch (Y): 19.78
Yaw (Z): 18.15
Translation: [127.17, -25.74, 963.63]

Error Analysis:
Rotation Error (degrees):
Roll (X): -275.90
Pitch (Y): -38.34
Yaw (Z): -180.92
Total Rotation Error Euler: 332.15
Total Rotation Error Matrix: 178.58
Translation Error Vector [x, y, z]: [1.42, 13.65, 19.65] mm
Translation Error Magnitude: 23.96 mm

ADD Error Analysis:
ADD Error: 209.13
Point-wise distances: [     207.97      216.54      208.48      201.04      209.75      217.24      210.23      201.77]
Model diameter: 284.09 mm
10% threshold: 28.41 mm
Pose correct: False
Percentage of model diameter: 73.61
------------------------------
Frame 1:

Estimated Pose:
Rotation:
[    -0.9152    -0.40253    0.019308]
[   -0.30388     0.65785    -0.68912]
[    0.26469    -0.63655    -0.72439]
Roll (X): -138.69
Pitch (Y): -15.35
Yaw (Z): -161.63
Translation: [90.68, 49.68, 987.18]

Ground Truth Pose:
Rotation:
[    0.91324     0.40749   0.0026264]
[    0.30951    -0.68942    -0.65495]
[   -0.26507     0.59892     -0.7557]
Euler Angles (xyz, degrees):
Roll (X): 141.60
Pitch (Y): 15.37
Yaw (Z): 18.72
Translation: [89.60, 36.70, 965.14]

Error Analysis:
Rotation Error (degrees):
Roll (X): -280.29
Pitch (Y): -30.72
Yaw (Z): -180.35
Total Rotation Error Euler: 334.72
Total Rotation Error Matrix: 180.00
Translation Error Vector [x, y, z]: [1.08, 12.98, 22.04] mm
Translation Error Magnitude: 25.60 mm

ADD Error Analysis:
ADD Error: 209.32
Point-wise distances: [      209.5      217.52      208.53      199.98      210.03      218.66      209.08      201.24]
Model diameter: 284.09 mm
10% threshold: 28.41 mm
Pose correct: False
Percentage of model diameter: 73.68
------------------------------
Frame 2:

Estimated Pose:
Rotation:
[   -0.92225     -0.3863     0.01515]
[   -0.30835     0.71138    -0.63155]
[    0.23319    -0.58712    -0.77519]
Roll (X): -142.86
Pitch (Y): -13.48
Yaw (Z): -161.51
Translation: [100.02, 53.98, 997.12]

Ground Truth Pose:
Rotation:
[     0.9194     0.39339  -0.0045791]
[    0.31501    -0.74309    -0.59046]
[   -0.23567      0.5414    -0.80709]
Euler Angles (xyz, degrees):
Roll (X): 146.15
Pitch (Y): 13.63
Yaw (Z): 18.91
Translation: [99.30, 43.15, 973.71]

Error Analysis:
Rotation Error (degrees):
Roll (X): -289.01
Pitch (Y): -27.12
Yaw (Z): -180.43
Total Rotation Error Euler: 341.78
Total Rotation Error Matrix: 179.76
Translation Error Vector [x, y, z]: [0.71, 10.84, 23.40] mm
Translation Error Magnitude: 25.80 mm

ADD Error Analysis:
ADD Error: 209.32
Point-wise distances: [     208.87      218.13      208.48      198.97      210.09      219.68      209.71      200.68]
Model diameter: 284.09 mm
10% threshold: 28.41 mm
Pose correct: False
Percentage of model diameter: 73.68
------------------------------
Frame 3:

Estimated Pose:
Rotation:
[   -0.95519    -0.29298   -0.042016]
[   -0.23734     0.84301     -0.4827]
[    0.17684     -0.4511    -0.87478]
Roll (X): -152.72
Pitch (Y): -10.19
Yaw (Z): -166.05
Translation: [134.28, 51.90, 980.88]

Ground Truth Pose:
Rotation:
[    0.94893     0.30726   -0.072081]
[    0.24201    -0.85502    -0.45873]
[   -0.20257     0.41784    -0.88568]
Euler Angles (xyz, degrees):
Roll (X): 154.74
Pitch (Y): 11.69
Yaw (Z): 14.31
Translation: [134.37, 45.77, 964.78]

Error Analysis:
Rotation Error (degrees):
Roll (X): -307.46
Pitch (Y): -21.87
Yaw (Z): -180.35
Total Rotation Error Euler: 357.13
Total Rotation Error Matrix: 179.09
Translation Error Vector [x, y, z]: [-0.09, 6.13, 16.10] mm
Translation Error Magnitude: 17.23 mm

ADD Error Analysis:
ADD Error: 208.52
Point-wise distances: [     205.36      213.07      208.09      204.26      209.01       212.8      211.63      203.92]
Model diameter: 284.09 mm
10% threshold: 28.41 mm
Pose correct: False
Percentage of model diameter: 73.40
------------------------------
Frame 4:

Estimated Pose:
Rotation:
[   -0.95816     -0.2848    0.028595]
[   -0.25909     0.82051    -0.50955]
[    0.12166    -0.49564    -0.85997]
Roll (X): -150.04
Pitch (Y): -6.99
Yaw (Z): -164.87
Translation: [38.29, 111.51, 951.90]

Ground Truth Pose:
Rotation:
[    0.95315     0.30207     0.01848]
[    0.27425    -0.83632    -0.47478]
[   -0.12795     0.45758    -0.87994]
Euler Angles (xyz, degrees):
Roll (X): 152.52
Pitch (Y): 7.35
Yaw (Z): 16.05
Translation: [38.57, 103.32, 926.56]

Error Analysis:
Rotation Error (degrees):
Roll (X): -302.57
Pitch (Y): -14.34
Yaw (Z): -180.92
Total Rotation Error Euler: 352.82
Total Rotation Error Matrix: 179.09
Translation Error Vector [x, y, z]: [-0.29, 8.19, 25.34] mm
Translation Error Magnitude: 26.63 mm

ADD Error Analysis:
ADD Error: 209.45
Point-wise distances: [     209.96      216.78      207.85      200.74      210.99      218.15       208.9      202.23]
Model diameter: 284.09 mm
10% threshold: 28.41 mm
Pose correct: False
Percentage of model diameter: 73.73
------------------------------
Frame 5:

Estimated Pose:
Rotation:
[   -0.92746    -0.36594    0.076836]
[   -0.36416     0.83733    -0.40777]
[    0.08488    -0.40617    -0.90985]
Roll (X): -155.94
Pitch (Y): -4.87
Yaw (Z): -158.56
Translation: [13.58, 77.63, 925.45]

Ground Truth Pose:
Rotation:
[    0.91567     0.40058    0.033837]
[    0.38398    -0.84657    -0.36869]
[   -0.11904     0.35058    -0.92897]
Euler Angles (xyz, degrees):
Roll (X): 159.32
Pitch (Y): 6.84
Yaw (Z): 22.75
Translation: [13.81, 73.74, 896.04]

Error Analysis:
Rotation Error (degrees):
Roll (X): -315.27
Pitch (Y): -11.71
Yaw (Z): -181.31
Total Rotation Error Euler: 363.88
Total Rotation Error Matrix: 178.07
Translation Error Vector [x, y, z]: [-0.22, 3.89, 29.40] mm
Translation Error Magnitude: 29.66 mm

ADD Error Analysis:
ADD Error: 209.76
Point-wise distances: [     209.76      221.45      205.83      198.58      213.64       221.1      209.66      198.06]
Model diameter: 284.09 mm
10% threshold: 28.41 mm
Pose correct: False
Percentage of model diameter: 73.84
------------------------------
Frame 6:

Estimated Pose:
Rotation:
[   -0.91843    -0.38362    0.096505]
[   -0.38594     0.81549    -0.43131]
[   0.086763    -0.43338    -0.89703]
Roll (X): -154.21
Pitch (Y): -4.98
Yaw (Z): -157.21
Translation: [-13.88, 110.11, 973.13]

Ground Truth Pose:
Rotation:
[    0.91025     0.40975    0.060183]
[    0.39942    -0.83015    -0.38908]
[   -0.10946     0.37818    -0.91927]
Euler Angles (xyz, degrees):
Roll (X): 157.64
Pitch (Y): 6.28
Yaw (Z): 23.69
Translation: [-13.54, 103.44, 934.31]

Error Analysis:
Rotation Error (degrees):
Roll (X): -311.85
Pitch (Y): -11.26
Yaw (Z): -180.90
Total Rotation Error Euler: 360.70
Total Rotation Error Matrix: 178.70
Translation Error Vector [x, y, z]: [-0.34, 6.67, 38.81] mm
Translation Error Magnitude: 39.38 mm

ADD Error Analysis:
ADD Error: 211.29
Point-wise distances: [     213.71      224.84      205.95      197.74      216.49      224.99      208.77      197.85]
Model diameter: 284.09 mm
10% threshold: 28.41 mm
Pose correct: False
Percentage of model diameter: 74.38
------------------------------
Frame 7:

Estimated Pose:
Rotation:
[   -0.92914    -0.35745    0.094476]
[   -0.36231     0.82934    -0.42536]
[   0.073693    -0.42945    -0.90008]
Roll (X): -154.49
Pitch (Y): -4.23
Yaw (Z): -158.70
Translation: [-26.54, 125.59, 986.18]

Ground Truth Pose:
Rotation:
[    0.91944     0.38476    0.081592]
[    0.38545    -0.84018    -0.38156]
[  -0.078252     0.38226    -0.92077]
Euler Angles (xyz, degrees):
Roll (X): 157.45
Pitch (Y): 4.49
Yaw (Z): 22.74
Translation: [-24.81, 121.24, 962.62]

Error Analysis:
Rotation Error (degrees):
Roll (X): -311.95
Pitch (Y): -8.71
Yaw (Z): -181.44
Total Rotation Error Euler: 360.98
Total Rotation Error Matrix: 178.62
Translation Error Vector [x, y, z]: [-1.73, 4.35, 23.56] mm
Translation Error Magnitude: 24.03 mm

ADD Error Analysis:
ADD Error: 209.11
Point-wise distances: [     208.92      216.84      208.07      199.16      210.07      219.03      209.26      201.57]
Model diameter: 284.09 mm
10% threshold: 28.41 mm
Pose correct: False
Percentage of model diameter: 73.61
------------------------------
Frame 8:

Estimated Pose:
Rotation:
[   -0.96164    -0.25091      0.1109]
[    -0.2742     0.89146     -0.3607]
[ -0.0083557    -0.37727    -0.92607]
Roll (X): -157.83
Pitch (Y): 0.48
Yaw (Z): -164.08
Translation: [-39.13, 171.62, 1009.36]

Ground Truth Pose:
Rotation:
[    0.95727     0.27394    0.093033]
[    0.28924     -0.9135     -0.2862]
[  0.0065845     0.30087    -0.95367]
Euler Angles (xyz, degrees):
Roll (X): 162.49
Pitch (Y): -0.38
Yaw (Z): 16.81
Translation: [-35.07, 168.31, 978.16]

Error Analysis:
Rotation Error (degrees):
Roll (X): -320.32
Pitch (Y): 0.86
Yaw (Z): -180.90
Total Rotation Error Euler: 367.88
Total Rotation Error Matrix: 179.19
Translation Error Vector [x, y, z]: [-4.06, 3.31, 31.20] mm
Translation Error Magnitude: 31.64 mm

ADD Error Analysis:
ADD Error: 210.05
Point-wise distances: [     207.67      221.17      209.99      196.06      209.97      223.97       212.3      199.25]
Model diameter: 284.09 mm
10% threshold: 28.41 mm
Pose correct: False
Percentage of model diameter: 73.94
------------------------------
Frame 9:

Estimated Pose:
Rotation:
[   -0.94716     -0.3197    0.026075]
[   -0.31444     0.90935     -0.2724]
[   0.063375    -0.26621    -0.96183]
Roll (X): -164.53
Pitch (Y): -3.63
Yaw (Z): -161.63
Translation: [-35.92, 183.77, 1037.96]

Ground Truth Pose:
Rotation:
[    0.93689     0.34655    0.046947]
[    0.34831    -0.91264    -0.21409]
[  -0.031345     0.21692    -0.97571]
Euler Angles (xyz, degrees):
Roll (X): 167.47
Pitch (Y): 1.80
Yaw (Z): 20.39
Translation: [-32.59, 175.14, 962.46]

Error Analysis:
Rotation Error (degrees):
Roll (X): -332.00
Pitch (Y): -5.43
Yaw (Z): -182.03
Total Rotation Error Euler: 378.66
Total Rotation Error Matrix: 178.52
Translation Error Vector [x, y, z]: [-3.33, 8.63, 75.50] mm
Translation Error Magnitude: 76.07 mm

ADD Error Analysis:
ADD Error: 221.15
Point-wise distances: [     224.73      229.53      217.28      205.95      224.69      236.13      217.41      213.46]
Model diameter: 284.09 mm
10% threshold: 28.41 mm
Pose correct: False
Percentage of model diameter: 77.85
------------------------------
Frame 10:

Estimated Pose:
Rotation:
[   -0.94347    -0.32966    0.034342]
[   -0.32339      0.8929    -0.31329]
[   0.072617    -0.30669    -0.94904]
Roll (X): -162.09
Pitch (Y): -4.16
Yaw (Z): -161.08
Translation: [-29.96, 164.06, 1009.14]

Ground Truth Pose:
Rotation:
[    0.93414     0.35286    0.054308]
[    0.35478    -0.90048    -0.25163]
[  -0.039886     0.25432    -0.96633]
Euler Angles (xyz, degrees):
Roll (X): 165.26
Pitch (Y): 2.29
Yaw (Z): 20.80
Translation: [-29.38, 159.88, 964.65]

Error Analysis:
Rotation Error (degrees):
Roll (X): -327.35
Pitch (Y): -6.45
Yaw (Z): -181.88
Total Rotation Error Euler: 374.54
Total Rotation Error Matrix: 178.78
Translation Error Vector [x, y, z]: [-0.57, 4.18, 44.49] mm
Translation Error Magnitude: 44.69 mm

ADD Error Analysis:
ADD Error: 212.42
Point-wise distances: [     216.34      221.76       210.5      197.92      214.12       226.7      208.41      203.63]
Model diameter: 284.09 mm
10% threshold: 28.41 mm
Pose correct: False
Percentage of model diameter: 74.77
------------------------------
Frame 11:

Estimated Pose:
Rotation:
[   -0.85688     -0.5151    0.020554]
[    -0.4462     0.72112    -0.52999]
[    0.25818    -0.46331    -0.84775]
Roll (X): -151.34
Pitch (Y): -14.96
Yaw (Z): -152.49
Translation: [0.71, 147.64, 961.16]

Ground Truth Pose:
Rotation:
[    0.84056     0.54176   0.0056073]
[    0.46916    -0.72266    -0.50766]
[   -0.27097     0.42933    -0.86157]
Euler Angles (xyz, degrees):
Roll (X): 153.51
Pitch (Y): 15.72
Yaw (Z): 29.17
Translation: [-1.17, 139.38, 935.69]

Error Analysis:
Rotation Error (degrees):
Roll (X): -304.86
Pitch (Y): -30.68
Yaw (Z): -181.66
Total Rotation Error Euler: 356.20
Total Rotation Error Matrix: 178.26
Translation Error Vector [x, y, z]: [1.88, 8.26, 25.47] mm
Translation Error Magnitude: 26.84 mm

ADD Error Analysis:
ADD Error: 209.45
Point-wise distances: [     211.84      216.86      205.77      200.61      213.05      218.27      207.03      202.13]
Model diameter: 284.09 mm
10% threshold: 28.41 mm
Pose correct: False
Percentage of model diameter: 73.73
------------------------------
Frame 12:

Estimated Pose:
Rotation:
[    -0.8309    -0.55636    0.007877]
[   -0.43761     0.64468    -0.62681]
[    0.34366    -0.52426    -0.77913]
Roll (X): -146.06
Pitch (Y): -20.10
Yaw (Z): -152.23
Translation: [4.25, 123.68, 968.79]

Ground Truth Pose:
Rotation:
[    0.82246     0.56886  -0.0043221]
[     0.4538    -0.66063    -0.59807]
[   -0.34307     0.48991    -0.80147]
Euler Angles (xyz, degrees):
Roll (X): 148.56
Pitch (Y): 20.06
Yaw (Z): 28.89
Translation: [2.61, 112.39, 946.29]

Error Analysis:
Rotation Error (degrees):
Roll (X): -294.63
Pitch (Y): -40.16
Yaw (Z): -181.11
Total Rotation Error Euler: 348.17
Total Rotation Error Matrix: 179.21
Translation Error Vector [x, y, z]: [1.64, 11.29, 22.50] mm
Translation Error Magnitude: 25.23 mm

ADD Error Analysis:
ADD Error: 209.29
Point-wise distances: [      210.3      215.63      207.87       200.7      210.63      217.83      208.24      203.09]
Model diameter: 284.09 mm
10% threshold: 28.41 mm
Pose correct: False
Percentage of model diameter: 73.67
------------------------------
Frame 13:

Estimated Pose:
Rotation:
[   -0.86753    -0.49558   -0.042209]
[    -0.3106     0.60609    -0.73225]
[    0.38847    -0.62214    -0.67973]
Roll (X): -137.53
Pitch (Y): -22.86
Yaw (Z): -160.30
Translation: [64.86, 114.08, 941.30]

Ground Truth Pose:
Rotation:
[     0.8624     0.50146   -0.069756]
[    0.31462    -0.63876    -0.70218]
[   -0.39666      0.5836    -0.70861]
Euler Angles (xyz, degrees):
Roll (X): 140.53
Pitch (Y): 23.37
Yaw (Z): 20.04
Translation: [61.65, 100.31, 919.46]

Error Analysis:
Rotation Error (degrees):
Roll (X): -278.06
Pitch (Y): -46.23
Yaw (Z): -180.34
Total Rotation Error Euler: 334.63
Total Rotation Error Matrix: 179.54
Translation Error Vector [x, y, z]: [3.21, 13.76, 21.84] mm
Translation Error Magnitude: 26.01 mm

ADD Error Analysis:
ADD Error: 209.35
Point-wise distances: [     209.63      218.39      207.23      199.18      211.39      219.53         209      200.42]
Model diameter: 284.09 mm
10% threshold: 28.41 mm
Pose correct: False
Percentage of model diameter: 73.69
------------------------------
Frame 14:

Estimated Pose:
Rotation:
[   -0.88061    -0.47062   -0.055155]
[   -0.24371     0.54967    -0.79904]
[    0.40636     -0.6902    -0.59874]
Roll (X): -130.94
Pitch (Y): -23.98
Yaw (Z): -164.53
Translation: [88.27, 120.08, 920.78]

Ground Truth Pose:
Rotation:
[    0.87392     0.47669   -0.095441]
[    0.24014    -0.59398    -0.76784]
[    -0.4227     0.64808    -0.63354]
Euler Angles (xyz, degrees):
Roll (X): 134.35
Pitch (Y): 25.00
Yaw (Z): 15.36
Translation: [85.69, 104.20, 902.20]

Error Analysis:
Rotation Error (degrees):
Roll (X): -265.29
Pitch (Y): -48.98
Yaw (Z): -179.90
Total Rotation Error Euler: 324.25
Total Rotation Error Matrix: 179.40
Translation Error Vector [x, y, z]: [2.57, 15.88, 18.58] mm
Translation Error Magnitude: 24.58 mm

ADD Error Analysis:
ADD Error: 209.19
Point-wise distances: [     206.64      218.08      208.87      200.01      209.51      218.43      211.64      200.32]
Model diameter: 284.09 mm
10% threshold: 28.41 mm
Pose correct: False
Percentage of model diameter: 73.64
------------------------------
Frame 15:

Estimated Pose:
Rotation:
[   -0.89308    -0.44363   -0.074829]
[   -0.16448     0.47676    -0.86351]
[    0.41875    -0.75887    -0.49876]
Roll (X): -123.31
Pitch (Y): -24.76
Yaw (Z): -169.56
Translation: [88.19, 142.35, 899.35]

Ground Truth Pose:
Rotation:
[    0.88567     0.44847    -0.12059]
[    0.15502    -0.53027    -0.83357]
[   -0.43776     0.71954    -0.53915]
Euler Angles (xyz, degrees):
Roll (X): 126.84
Pitch (Y): 25.96
Yaw (Z): 9.93
Translation: [83.67, 124.35, 881.16]

Error Analysis:
Rotation Error (degrees):
Roll (X): -250.16
Pitch (Y): -50.72
Yaw (Z): -179.49
Total Rotation Error Euler: 312.04
Total Rotation Error Matrix: 179.36
Translation Error Vector [x, y, z]: [4.52, 18.00, 18.19] mm
Translation Error Magnitude: 25.98 mm

ADD Error Analysis:
ADD Error: 209.31
Point-wise distances: [        208      220.78      207.92      198.78      210.68      220.03       210.5      197.83]
Model diameter: 284.09 mm
10% threshold: 28.41 mm
Pose correct: False
Percentage of model diameter: 73.68
------------------------------
Frame 16:

Estimated Pose:
Rotation:
[   -0.89129    -0.45301   -0.019518]
[   -0.20599     0.44289    -0.87259]
[    0.40394    -0.77371    -0.48806]
Roll (X): -122.24
Pitch (Y): -23.82
Yaw (Z): -166.99
Translation: [77.23, 83.94, 942.70]

Ground Truth Pose:
Rotation:
[    0.88389     0.46292   -0.067125]
[    0.19429    -0.49387    -0.84758]
[    -0.4255     0.73611    -0.52645]
Euler Angles (xyz, degrees):
Roll (X): 125.57
Pitch (Y): 25.18
Yaw (Z): 12.40
Translation: [74.14, 66.18, 920.26]

Error Analysis:
Rotation Error (degrees):
Roll (X): -247.82
Pitch (Y): -49.01
Yaw (Z): -179.38
Total Rotation Error Euler: 309.83
Total Rotation Error Matrix: 179.27
Translation Error Vector [x, y, z]: [3.10, 17.77, 22.44] mm
Translation Error Magnitude: 28.78 mm

ADD Error Analysis:
ADD Error: 209.58
Point-wise distances: [     210.55      223.12       203.6       195.2      215.42      224.04      208.53      196.14]
Model diameter: 284.09 mm
10% threshold: 28.41 mm
Pose correct: False
Percentage of model diameter: 73.77
------------------------------
Frame 17:

Estimated Pose:
Rotation:
[   -0.90573     -0.4205   -0.053131]
[    -0.1665     0.46828    -0.86775]
[    0.38977    -0.77711    -0.49415]
Roll (X): -122.45
Pitch (Y): -22.94
Yaw (Z): -169.58
Translation: [67.77, 67.20, 970.10]

Ground Truth Pose:
Rotation:
[     0.8996     0.42904   -0.081933]
[    0.16362    -0.50492    -0.84755]
[   -0.40499     0.74902    -0.52441]
Euler Angles (xyz, degrees):
Roll (X): 125.00
Pitch (Y): 23.89
Yaw (Z): 10.31
Translation: [64.02, 48.72, 949.79]

Error Analysis:
Rotation Error (degrees):
Roll (X): -247.45
Pitch (Y): -46.83
Yaw (Z): -179.89
Total Rotation Error Euler: 309.49
Total Rotation Error Matrix: 179.35
Translation Error Vector [x, y, z]: [3.74, 18.48, 20.31] mm
Translation Error Magnitude: 27.71 mm

ADD Error Analysis:
ADD Error: 209.52
Point-wise distances: [     211.43      220.07      204.94      198.42      214.01      220.68      207.56      199.05]
Model diameter: 284.09 mm
10% threshold: 28.41 mm
Pose correct: False
Percentage of model diameter: 73.75
------------------------------
Frame 18:

Estimated Pose:
Rotation:
[   -0.98325    -0.17649   -0.045444]
[  -0.017281     0.33852     -0.9408]
[    0.18142    -0.92426    -0.33591]
Roll (X): -109.97
Pitch (Y): -10.45
Yaw (Z): -178.99
Translation: [208.14, 107.47, 982.80]

Ground Truth Pose:
Rotation:
[      0.984     0.16784   -0.061805]
[    0.01125      -0.403    -0.91523]
[   -0.17852     0.89981     -0.3984]
Euler Angles (xyz, degrees):
Roll (X): 113.88
Pitch (Y): 10.28
Yaw (Z): 0.65
Translation: [206.45, 85.69, 970.37]

Error Analysis:
Rotation Error (degrees):
Roll (X): -223.85
Pitch (Y): -20.73
Yaw (Z): -179.65
Total Rotation Error Euler: 287.77
Total Rotation Error Matrix: 180.00
Translation Error Vector [x, y, z]: [1.69, 21.78, 12.43] mm
Translation Error Magnitude: 25.14 mm

ADD Error Analysis:
ADD Error: 209.26
Point-wise distances: [     206.13      218.27      211.64      200.45      206.86      218.15      212.32       200.3]
Model diameter: 284.09 mm
10% threshold: 28.41 mm
Pose correct: False
Percentage of model diameter: 73.66
------------------------------
Frame 19:

Estimated Pose:
Rotation:
[   -0.98469    -0.17073   -0.035288]
[  -0.016353     0.29197    -0.95629]
[    0.17357    -0.94107    -0.29029]
Roll (X): -107.14
Pitch (Y): -10.00
Yaw (Z): -179.05
Translation: [186.77, 148.60, 954.29]

Ground Truth Pose:
Rotation:
[    0.98259     0.17757   -0.056743]
[   0.018603    -0.39632    -0.91802]
[    -0.1855     0.90091    -0.39269]
Euler Angles (xyz, degrees):
Roll (X): 113.55
Pitch (Y): 10.69
Yaw (Z): 1.08
Translation: [187.15, 123.80, 942.90]

Error Analysis:
Rotation Error (degrees):
Roll (X): -220.69
Pitch (Y): -20.68
Yaw (Z): -180.13
Total Rotation Error Euler: 285.62
Total Rotation Error Matrix: 179.96
Translation Error Vector [x, y, z]: [-0.38, 24.80, 11.39] mm
Translation Error Magnitude: 27.29 mm

ADD Error Analysis:
ADD Error: 209.44
Point-wise distances: [      200.6      219.61       216.1      197.56      202.82      221.29      218.14      199.39]
Model diameter: 284.09 mm
10% threshold: 28.41 mm
Pose correct: False
Percentage of model diameter: 73.72
------------------------------
Frame 20:

Estimated Pose:
Rotation:
[   -0.98044    -0.19316   -0.037837]
[  -0.024133     0.30875    -0.95084]
[    0.19534    -0.93132    -0.30737]
Roll (X): -108.26
Pitch (Y): -11.26
Yaw (Z): -178.59
Translation: [194.23, 143.13, 932.32]

Ground Truth Pose:
Rotation:
[    0.97939     0.19376   -0.059065]
[   0.024494    -0.40278    -0.91507]
[   -0.20108     0.89468    -0.39919]
Euler Angles (xyz, degrees):
Roll (X): 114.04
Pitch (Y): 11.60
Yaw (Z): 1.43
Translation: [194.00, 117.72, 918.52]

Error Analysis:
Rotation Error (degrees):
Roll (X): -222.31
Pitch (Y): -22.86
Yaw (Z): -180.02
Total Rotation Error Euler: 286.97
Total Rotation Error Matrix: 180.00
Translation Error Vector [x, y, z]: [0.23, 25.41, 13.80] mm
Translation Error Magnitude: 28.91 mm

ADD Error Analysis:
ADD Error: 209.67
Point-wise distances: [     203.27      220.49      213.98      197.25      205.35       222.1      215.93      199.03]
Model diameter: 284.09 mm
10% threshold: 28.41 mm
Pose correct: False
Percentage of model diameter: 73.81
------------------------------
Frame 21:

Estimated Pose:
Rotation:
[   -0.97866    -0.20419   -0.023242]
[  -0.039721     0.29891    -0.95345]
[    0.20163    -0.93218    -0.30064]
Roll (X): -107.88
Pitch (Y): -11.63
Yaw (Z): -177.68
Translation: [204.79, 126.18, 920.34]

Ground Truth Pose:
Rotation:
[    0.97906     0.19596   -0.057312]
[   0.022694    -0.38346    -0.92338]
[   -0.20292     0.90266    -0.37984]
Euler Angles (xyz, degrees):
Roll (X): 112.82
Pitch (Y): 11.71
Yaw (Z): 1.33
Translation: [206.07, 104.03, 915.95]

Error Analysis:
Rotation Error (degrees):
Roll (X): -220.69
Pitch (Y): -23.34
Yaw (Z): -179.00
Total Rotation Error Euler: 285.12
Total Rotation Error Matrix: 180.00
Translation Error Vector [x, y, z]: [-1.29, 22.15, 4.39] mm
Translation Error Magnitude: 22.62 mm

ADD Error Analysis:
ADD Error: 208.93
Point-wise distances: [     196.53      213.17      218.44      204.69      199.73      213.14       221.2      204.53]
Model diameter: 284.09 mm
10% threshold: 28.41 mm
Pose correct: False
Percentage of model diameter: 73.54
------------------------------
Frame 22:

Estimated Pose:
Rotation:
[   -0.97984    -0.19918    0.015499]
[  -0.049296     0.16586    -0.98492]
[    0.19361    -0.96582    -0.17234]
Roll (X): -100.12
Pitch (Y): -11.16
Yaw (Z): -177.12
Translation: [203.45, 127.89, 931.45]

Ground Truth Pose:
Rotation:
[    0.97925     0.20286   -0.012796]
[    0.03968    -0.25254    -0.96687]
[   -0.19936      0.9462    -0.25534]
Euler Angles (xyz, degrees):
Roll (X): 105.10
Pitch (Y): 11.50
Yaw (Z): 2.32
Translation: [207.01, 103.32, 930.97]

Error Analysis:
Rotation Error (degrees):
Roll (X): -205.22
Pitch (Y): -22.66
Yaw (Z): -179.44
Total Rotation Error Euler: 273.54
Total Rotation Error Matrix: 180.00
Translation Error Vector [x, y, z]: [-3.56, 24.56, 0.48] mm
Translation Error Magnitude: 24.82 mm

ADD Error Analysis:
ADD Error: 209.15
Point-wise distances: [     195.22      211.15      219.77      205.59       198.9      212.61      222.96         207]
Model diameter: 284.09 mm
10% threshold: 28.41 mm
Pose correct: False
Percentage of model diameter: 73.62
------------------------------
Frame 23:

Estimated Pose:
Rotation:
[   -0.99258    -0.12156  -0.0032399]
[  -0.015882     0.15601    -0.98763]
[    0.12056    -0.98025    -0.15679]
Roll (X): -99.09
Pitch (Y): -6.92
Yaw (Z): -179.08
Translation: [163.50, 114.60, 954.30]

Ground Truth Pose:
Rotation:
[    0.98944     0.14102   -0.036837]
[ -0.0017971    -0.24098    -0.97062]
[   -0.14575     0.96035    -0.23817]
Euler Angles (xyz, degrees):
Roll (X): 103.93
Pitch (Y): 8.38
Yaw (Z): -0.10
Translation: [166.32, 88.89, 949.26]

Error Analysis:
Rotation Error (degrees):
Roll (X): -203.01
Pitch (Y): -15.30
Yaw (Z): -178.98
Total Rotation Error Euler: 271.08
Total Rotation Error Matrix: 178.99
Translation Error Vector [x, y, z]: [-2.83, 25.71, 5.04] mm
Translation Error Magnitude: 26.35 mm

ADD Error Analysis:
ADD Error: 209.39
Point-wise distances: [     198.83      215.56      214.71      202.03       204.4      216.73      219.72       203.1]
Model diameter: 284.09 mm
10% threshold: 28.41 mm
Pose correct: False
Percentage of model diameter: 73.71
------------------------------
Frame 24:

Estimated Pose:
Rotation:
[   -0.97665    -0.21481    0.001762]
[  -0.045471     0.19871      -0.979]
[    0.20995    -0.95623    -0.20384]
Roll (X): -102.03
Pitch (Y): -12.12
Yaw (Z): -177.33
Translation: [137.73, 121.62, 943.45]

Ground Truth Pose:
Rotation:
[    0.97759     0.20822   -0.034755]
[   0.029925     -0.2997    -0.95366]
[   -0.20897     0.93116    -0.29919]
Euler Angles (xyz, degrees):
Roll (X): 107.81
Pitch (Y): 12.06
Yaw (Z): 1.75
Translation: [142.46, 98.60, 953.52]

Error Analysis:
Rotation Error (degrees):
Roll (X): -209.84
Pitch (Y): -24.18
Yaw (Z): -179.09
Total Rotation Error Euler: 276.93
Total Rotation Error Matrix: 180.00
Translation Error Vector [x, y, z]: [-4.73, 23.02, -10.07] mm
Translation Error Magnitude: 25.57 mm

ADD Error Analysis:
ADD Error: 208.78
Point-wise distances: [     184.37      203.05      230.54      213.86      187.81      203.37      233.18      214.03]
Model diameter: 284.09 mm
10% threshold: 28.41 mm
Pose correct: False
Percentage of model diameter: 73.49
------------------------------
Frame 25:

Estimated Pose:
Rotation:
[   -0.99656   -0.082899 -0.00042986]
[   -0.02764     0.33715    -0.94105]
[   0.078157    -0.93779    -0.33828]
Roll (X): -109.84
Pitch (Y): -4.48
Yaw (Z): -178.41
Translation: [213.10, 193.28, 990.39]

Ground Truth Pose:
Rotation:
[    0.99568    0.094092  -0.0045566]
[   0.037326    -0.43851    -0.89805]
[  -0.086499     0.89392    -0.44008]
Euler Angles (xyz, degrees):
Roll (X): 116.21
Pitch (Y): 4.96
Yaw (Z): 2.15
Translation: [212.86, 167.56, 973.84]

Error Analysis:
Rotation Error (degrees):
Roll (X): -226.04
Pitch (Y): -9.44
Yaw (Z): -180.56
Total Rotation Error Euler: 289.46
Total Rotation Error Matrix: 180.00
Translation Error Vector [x, y, z]: [0.23, 25.72, 16.55] mm
Translation Error Magnitude: 30.59 mm

ADD Error Analysis:
ADD Error: 209.86
Point-wise distances: [     205.17       223.3      214.62      195.71      204.92      224.06      214.44      196.64]
Model diameter: 284.09 mm
10% threshold: 28.41 mm
Pose correct: False
Percentage of model diameter: 73.87
------------------------------
Frame 26:

Estimated Pose:
Rotation:
[   -0.99863   -0.050431     0.01412]
[  -0.034354     0.42733    -0.90344]
[   0.039528    -0.90269    -0.42848]
Roll (X): -115.39
Pitch (Y): -2.27
Yaw (Z): -178.03
Translation: [259.54, 157.73, 1000.20]

Ground Truth Pose:
Rotation:
[    0.99715     0.07147    0.028924]
[   0.061895    -0.51836    -0.85303]
[  -0.045979     0.85231    -0.52124]
Euler Angles (xyz, degrees):
Roll (X): 121.45
Pitch (Y): 2.63
Yaw (Z): 3.55
Translation: [254.19, 130.93, 969.47]

Error Analysis:
Rotation Error (degrees):
Roll (X): -236.84
Pitch (Y): -4.90
Yaw (Z): -181.58
Total Rotation Error Euler: 298.48
Total Rotation Error Matrix: 179.18
Translation Error Vector [x, y, z]: [5.35, 26.80, 30.73] mm
Translation Error Magnitude: 41.12 mm

ADD Error Analysis:
ADD Error: 211.33
Point-wise distances: [     218.55      234.17      210.81      191.88      211.59      231.29      203.78      188.56]
Model diameter: 284.09 mm
10% threshold: 28.41 mm
Pose correct: False
Percentage of model diameter: 74.39
------------------------------
Frame 27:

Estimated Pose:
Rotation:
[   -0.98901    -0.14749    0.010655]
[  -0.078563     0.46304    -0.88285]
[    0.12528    -0.87398    -0.46954]
Roll (X): -118.25
Pitch (Y): -7.20
Yaw (Z): -175.46
Translation: [245.50, 144.66, 987.24]

Ground Truth Pose:
Rotation:
[    0.98552     0.16915    0.019638]
[    0.11294    -0.56294    -0.81886]
[   -0.12746     0.80915    -0.57383]
Euler Angles (xyz, degrees):
Roll (X): 125.34
Pitch (Y): 7.32
Yaw (Z): 6.54
Translation: [244.12, 122.50, 965.57]

Error Analysis:
Rotation Error (degrees):
Roll (X): -243.59
Pitch (Y): -14.52
Yaw (Z): -182.00
Total Rotation Error Euler: 304.42
Total Rotation Error Matrix: 179.08
Translation Error Vector [x, y, z]: [1.38, 22.16, 21.67] mm
Translation Error Magnitude: 31.03 mm

ADD Error Analysis:
ADD Error: 209.85
Point-wise distances: [     207.66      225.25      215.17      192.69      204.14      226.91      212.06      194.94]
Model diameter: 284.09 mm
10% threshold: 28.41 mm
Pose correct: False
Percentage of model diameter: 73.87
------------------------------
Frame 28:

Estimated Pose:
Rotation:
[   -0.98197    -0.18028    0.056867]
[    -0.1433      0.5137    -0.84592]
[    0.12329    -0.83882    -0.53027]
Roll (X): -122.30
Pitch (Y): -7.08
Yaw (Z): -171.70
Translation: [227.77, 180.23, 982.47]

Ground Truth Pose:
Rotation:
[    0.98092     0.18923    0.047217]
[    0.15359    -0.60024    -0.78506]
[   -0.12021     0.77726    -0.61778]
Euler Angles (xyz, degrees):
Roll (X): 128.48
Pitch (Y): 6.90
Yaw (Z): 8.90
Translation: [227.03, 156.92, 956.25]

Error Analysis:
Rotation Error (degrees):
Roll (X): -250.78
Pitch (Y): -13.99
Yaw (Z): -180.60
Total Rotation Error Euler: 309.35
Total Rotation Error Matrix: 180.00
Translation Error Vector [x, y, z]: [0.74, 23.31, 26.22] mm
Translation Error Magnitude: 35.09 mm

ADD Error Analysis:
ADD Error: 210.50
Point-wise distances: [     209.67      226.71      212.99      194.47      207.74      226.69      211.19      194.55]
Model diameter: 284.09 mm
10% threshold: 28.41 mm
Pose correct: False
Percentage of model diameter: 74.10
------------------------------
Frame 29:

Estimated Pose:
Rotation:
[   -0.99335     0.10139    0.054469]
[    0.02574     0.65695    -0.75349]
[   -0.11218    -0.74708     -0.6552]
Roll (X): -131.25
Pitch (Y): 6.44
Yaw (Z): 178.52
Translation: [163.06, 121.52, 995.94]

Ground Truth Pose:
Rotation:
[    0.99716   -0.057718    0.050809]
[ -0.0078333    -0.73362    -0.67966]
[   0.076486     0.67727     -0.7319]
Euler Angles (xyz, degrees):
Roll (X): 137.22
Pitch (Y): -4.39
Yaw (Z): -0.45
Translation: [163.50, 100.08, 964.24]

Error Analysis:
Rotation Error (degrees):
Roll (X): -268.47
Pitch (Y): 10.83
Yaw (Z): 178.97
Total Rotation Error Euler: 322.84
Total Rotation Error Matrix: 177.92
Translation Error Vector [x, y, z]: [-0.44, 21.45, 31.70] mm
Translation Error Magnitude: 38.27 mm

ADD Error Analysis:
ADD Error: 211.04
Point-wise distances: [      209.2      228.04      213.61      197.45       208.3      225.13      212.62      193.96]
Model diameter: 284.09 mm
10% threshold: 28.41 mm
Pose correct: False
Percentage of model diameter: 74.29
------------------------------
Frame 30:

Estimated Pose:
Rotation:
[   -0.99385    0.094018    0.058473]
[   0.023981     0.69838    -0.71532]
[   -0.10809    -0.70952    -0.69634]
Roll (X): -134.46
Pitch (Y): 6.21
Yaw (Z): 178.62
Translation: [155.87, 95.48, 977.59]

Ground Truth Pose:
Rotation:
[    0.99609   -0.066549    0.060156]
[  -0.013052    -0.77102    -0.63683]
[   0.088744     0.63351    -0.76877]
Euler Angles (xyz, degrees):
Roll (X): 140.51
Pitch (Y): -5.09
Yaw (Z): -0.75
Translation: [157.42, 76.62, 951.01]

Error Analysis:
Rotation Error (degrees):
Roll (X): -274.97
Pitch (Y): 11.30
Yaw (Z): 179.37
Total Rotation Error Euler: 328.50
Total Rotation Error Matrix: 179.00
Translation Error Vector [x, y, z]: [-1.55, 18.86, 26.58] mm
Translation Error Magnitude: 32.63 mm

ADD Error Analysis:
ADD Error: 210.19
Point-wise distances: [     204.77      223.32      215.51      198.48      204.78      222.11      215.46      197.06]
Model diameter: 284.09 mm
10% threshold: 28.41 mm
Pose correct: False
Percentage of model diameter: 73.99
------------------------------
Frame 31:

Estimated Pose:
Rotation:
[   -0.99712    0.049433    0.057461]
[-0.00072948     0.75179    -0.65941]
[  -0.075795    -0.65755    -0.74959]
Roll (X): -138.74
Pitch (Y): 4.35
Yaw (Z): -179.96
Translation: [167.13, 144.10, 955.08]

Ground Truth Pose:
Rotation:
[    0.99769   -0.020244    0.066702]
[   0.021444    -0.82147    -0.57002]
[   0.066317     0.57009    -0.81903]
Euler Angles (xyz, degrees):
Roll (X): 145.16
Pitch (Y): -3.80
Yaw (Z): 1.23
Translation: [171.27, 126.87, 937.80]

Error Analysis:
Rotation Error (degrees):
Roll (X): -283.90
Pitch (Y): 8.15
Yaw (Z): -181.19
Total Rotation Error Euler: 336.89
Total Rotation Error Matrix: 178.94
Translation Error Vector [x, y, z]: [-4.14, 17.23, 17.27] mm
Translation Error Magnitude: 24.75 mm

ADD Error Analysis:
ADD Error: 209.10
Point-wise distances: [     196.03      214.66      220.07      200.33      198.28      217.67      222.13       203.6]
Model diameter: 284.09 mm
10% threshold: 28.41 mm
Pose correct: False
Percentage of model diameter: 73.60
------------------------------
Frame 32:

Estimated Pose:
Rotation:
[   -0.99384    0.065403      0.0895]
[ -0.0022266     0.79545    -0.60601]
[   -0.11083    -0.60247    -0.79041]
Roll (X): -142.68
Pitch (Y): 6.36
Yaw (Z): -179.87
Translation: [154.29, 130.16, 961.73]

Ground Truth Pose:
Rotation:
[    0.99478   -0.019075     0.10148]
[    0.03358    -0.86973     -0.4926]
[    0.09764      0.4934    -0.86443]
Euler Angles (xyz, degrees):
Roll (X): 150.28
Pitch (Y): -5.60
Yaw (Z): 1.93
Translation: [159.90, 115.56, 947.84]

Error Analysis:
Rotation Error (degrees):
Roll (X): -292.97
Pitch (Y): 11.97
Yaw (Z): -181.80
Total Rotation Error Euler: 345.00
Total Rotation Error Matrix: 178.21
Translation Error Vector [x, y, z]: [-5.61, 14.60, 13.88] mm
Translation Error Magnitude: 20.92 mm

ADD Error Analysis:
ADD Error: 208.56
Point-wise distances: [     191.72       214.1       222.3      198.54      195.12      218.26      225.31       203.1]
Model diameter: 284.09 mm
10% threshold: 28.41 mm
Pose correct: False
Percentage of model diameter: 73.41
------------------------------
Frame 33:

Estimated Pose:
Rotation:
[   -0.99199    0.047906     0.11685]
[  -0.032538     0.79708      -0.603]
[   -0.12203    -0.60197    -0.78914]
Roll (X): -142.66
Pitch (Y): 7.01
Yaw (Z): -178.12
Translation: [149.07, 143.87, 994.34]

Ground Truth Pose:
Rotation:
[    0.99393    -0.02408     0.10845]
[   0.032329    -0.87139    -0.48974]
[    0.10627     0.49024    -0.86521]
Euler Angles (xyz, degrees):
Roll (X): 150.46
Pitch (Y): -6.10
Yaw (Z): 1.86
Translation: [151.26, 125.82, 958.27]

Error Analysis:
Rotation Error (degrees):
Roll (X): -293.13
Pitch (Y): 13.11
Yaw (Z): -179.98
Total Rotation Error Euler: 344.22
Total Rotation Error Matrix: 180.00
Translation Error Vector [x, y, z]: [-2.18, 18.05, 36.08] mm
Translation Error Magnitude: 40.40 mm

ADD Error Analysis:
ADD Error: 211.44
Point-wise distances: [     204.66      228.53      219.18      198.16      203.55      225.24      217.99      194.18]
Model diameter: 284.09 mm
10% threshold: 28.41 mm
Pose correct: False
Percentage of model diameter: 74.43
------------------------------
Frame 34:

Estimated Pose:
Rotation:
[   -0.99577  -0.0099421    0.091315]
[  -0.063432     0.79344    -0.60533]
[  -0.066435    -0.60856    -0.79072]
Roll (X): -142.42
Pitch (Y): 3.81
Yaw (Z): -176.36
Translation: [146.91, 162.44, 991.42]

Ground Truth Pose:
Rotation:
[    0.99473    0.041759    0.094899]
[   0.084722    -0.85508    -0.51174]
[    0.05976     0.51704      -0.854]
Euler Angles (xyz, degrees):
Roll (X): 148.81
Pitch (Y): -3.43
Yaw (Z): 4.87
Translation: [149.44, 146.24, 966.66]

Error Analysis:
Rotation Error (degrees):
Roll (X): -291.22
Pitch (Y): 7.24
Yaw (Z): -181.22
Total Rotation Error Euler: 343.08
Total Rotation Error Matrix: 178.99
Translation Error Vector [x, y, z]: [-2.53, 16.20, 24.77] mm
Translation Error Magnitude: 29.70 mm

ADD Error Analysis:
ADD Error: 209.76
Point-wise distances: [     201.19       219.5      219.13      199.63      200.31      219.86      218.38      200.09]
Model diameter: 284.09 mm
10% threshold: 28.41 mm
Pose correct: False
Percentage of model diameter: 73.84
------------------------------
Frame 35:

Estimated Pose:
Rotation:
[   -0.99119     -0.1255    0.042307]
[   -0.12131     0.73212    -0.67029]
[   0.053147    -0.66951     -0.7409]
Roll (X): -137.90
Pitch (Y): -3.05
Yaw (Z): -173.02
Translation: [173.63, 160.86, 991.53]

Ground Truth Pose:
Rotation:
[    0.98673     0.16112     0.02558]
[    0.14458    -0.79104     -0.5946]
[  -0.075571     0.59036    -0.80373]
Euler Angles (xyz, degrees):
Roll (X): 143.70
Pitch (Y): 4.33
Yaw (Z): 8.34
Translation: [174.84, 143.34, 964.63]

Error Analysis:
Rotation Error (degrees):
Roll (X): -281.60
Pitch (Y): -7.38
Yaw (Z): -181.36
Total Rotation Error Euler: 335.03
Total Rotation Error Matrix: 178.27
Translation Error Vector [x, y, z]: [-1.21, 17.52, 26.90] mm
Translation Error Magnitude: 32.12 mm

ADD Error Analysis:
ADD Error: 210.12
Point-wise distances: [     204.27      221.29      215.06      198.66      205.13      221.66      215.86      199.04]
Model diameter: 284.09 mm
10% threshold: 28.41 mm
Pose correct: False
Percentage of model diameter: 73.96
------------------------------
Frame 36:

Estimated Pose:
Rotation:
[   -0.98976    -0.12792    0.063293]
[   -0.14194     0.83614    -0.52983]
[   0.014851    -0.53339    -0.84574]
Roll (X): -147.76
Pitch (Y): -0.85
Yaw (Z): -171.84
Translation: [144.46, 156.53, 982.71]

Ground Truth Pose:
Rotation:
[    0.99177     0.12407    0.035308]
[    0.12718    -0.89474    -0.42834]
[   -0.02156     0.42927    -0.90304]
Euler Angles (xyz, degrees):
Roll (X): 154.58
Pitch (Y): 1.24
Yaw (Z): 7.31
Translation: [146.55, 142.73, 954.57]

Error Analysis:
Rotation Error (degrees):
Roll (X): -302.34
Pitch (Y): -2.09
Yaw (Z): -179.15
Total Rotation Error Euler: 351.43
Total Rotation Error Matrix: 180.00
Translation Error Vector [x, y, z]: [-2.09, 13.80, 28.14] mm
Translation Error Magnitude: 31.41 mm

ADD Error Analysis:
ADD Error: 210.00
Point-wise distances: [     200.13      221.34       217.9      199.18      202.22      220.95      219.69      198.59]
Model diameter: 284.09 mm
10% threshold: 28.41 mm
Pose correct: False
Percentage of model diameter: 73.92
------------------------------
Frame 37:

Estimated Pose:
Rotation:
[   -0.99779   -0.046214    0.047779]
[  -0.061029     0.92177     -0.3829]
[  -0.026346    -0.38497    -0.92255]
Roll (X): -157.35
Pitch (Y): 1.51
Yaw (Z): -176.50
Translation: [136.61, 173.10, 1016.13]

Ground Truth Pose:
Rotation:
[     0.9956    0.080298    0.050756]
[   0.091029    -0.95927    -0.26785]
[   0.027169     0.27128    -0.96222]
Euler Angles (xyz, degrees):
Roll (X): 164.26
Pitch (Y): -1.56
Yaw (Z): 5.22
Translation: [140.56, 161.24, 980.06]

Error Analysis:
Rotation Error (degrees):
Roll (X): -321.61
Pitch (Y): 3.07
Yaw (Z): -181.72
Total Rotation Error Euler: 369.41
Total Rotation Error Matrix: 178.55
