Pose Errors for obj_000008
==================================================

Frame 0 (000000.json):

Estimated Pose:
Rotation:
[    0.23116      0.9711   -0.059353]
[    0.70112    -0.20857    -0.68186]
[   -0.67453       0.116    -0.72907]
Roll (X): 170.96
Pitch (Y): 42.42
Yaw (Z): 71.75
Translation: [103.83, -136.28, 983.95]

Ground Truth Pose:
Rotation:
[    0.29413     0.95669   -0.013495]
[    0.67532    -0.21757    -0.70606]
[   -0.67777     0.19826     -0.7094]
Euler Angles (xyz, degrees):
Roll (X): 164.39
Pitch (Y): 42.63
Yaw (Z): 66.49
Translation: [117.82, -138.15, 1069.61]

Error Analysis:
Rotation Error (degrees):
Roll (X): 6.57
Pitch (Y): -0.21
Yaw (Z): 5.26
Total Rotation Error Euler: 8.42
Total Rotation Error Matrix: 3.84
Translation Error Vector [x, y, z]: [-13.99, 1.87, -85.66] mm
Translation Error Magnitude: 86.82 mm
------------------------------
Frame 1 (000001.json):

Estimated Pose:
Rotation:
[    0.25544     0.96358   -0.079192]
[    0.66834    -0.23518     -0.7057]
[   -0.69862     0.12734    -0.70407]
Roll (X): 169.75
Pitch (Y): 44.32
Yaw (Z): 69.08
Translation: [65.49, -83.74, 994.48]

Ground Truth Pose:
Rotation:
[    0.33505     0.94274    0.030519]
[    0.71256    -0.23174    -0.66367]
[     -0.618     0.24377     -0.7487]
Euler Angles (xyz, degrees):
Roll (X): 161.96
Pitch (Y): 38.14
Yaw (Z): 64.84
Translation: [73.78, -81.65, 1063.64]

Error Analysis:
Rotation Error (degrees):
Roll (X): 7.78
Pitch (Y): 6.18
Yaw (Z): 4.24
Total Rotation Error Euler: 10.81
Total Rotation Error Matrix: 7.99
Translation Error Vector [x, y, z]: [-8.28, -2.09, -69.16] mm
Translation Error Magnitude: 69.69 mm
------------------------------
Frame 2 (000002.json):

Estimated Pose:
Rotation:
[    0.32477     0.94572    0.012082]
[    0.55526    -0.18031    -0.81189]
[   -0.76564     0.27038    -0.58368]
Roll (X): 155.14
Pitch (Y): 49.96
Yaw (Z): 59.68
Translation: [79.54, -93.18, 1047.44]

Ground Truth Pose:
Rotation:
[    0.34951     0.93769    0.023135]
[    0.75535    -0.26671    -0.60018]
[   -0.55608     0.22693    -0.80074]
Euler Angles (xyz, degrees):
Roll (X): 164.18
Pitch (Y): 33.76
Yaw (Z): 65.19
Translation: [81.09, -82.63, 1062.07]

Error Analysis:
Rotation Error (degrees):
Roll (X): -9.03
Pitch (Y): 16.21
Yaw (Z): -5.51
Total Rotation Error Euler: 19.36
Total Rotation Error Matrix: 17.27
Translation Error Vector [x, y, z]: [-1.56, -10.55, -14.63] mm
Translation Error Magnitude: 18.10 mm
------------------------------
Frame 3 (000003.json):

Estimated Pose:
Rotation:
[    0.39767     0.91329    0.088151]
[    0.46225    -0.11643    -0.87907]
[   -0.79258     0.39033    -0.46846]
Roll (X): 140.20
Pitch (Y): 52.43
Yaw (Z): 49.30
Translation: [98.50, -98.25, 1009.00]

Ground Truth Pose:
Rotation:
[    0.43225     0.90169   -0.045641]
[    0.78624    -0.40077    -0.47233]
[   -0.44377     0.16802    -0.88134]
Euler Angles (xyz, degrees):
Roll (X): 169.21
Pitch (Y): 26.32
Yaw (Z): 61.22
Translation: [102.12, -88.98, 1033.77]

Error Analysis:
Rotation Error (degrees):
Roll (X): -29.01
Pitch (Y): 26.10
Yaw (Z): -11.92
Total Rotation Error Euler: 40.80
Total Rotation Error Matrix: 34.57
Translation Error Vector [x, y, z]: [-3.62, -9.27, -24.77] mm
Translation Error Magnitude: 26.70 mm
------------------------------
Frame 4 (000004.json):

Estimated Pose:
Rotation:
[    0.42067     0.90721  -0.0014379]
[     0.4372    -0.20411     -0.8759]
[   -0.79492     0.36783     -0.4825]
Roll (X): 142.68
Pitch (Y): 52.65
Yaw (Z): 46.10
Translation: [4.99, -44.83, 987.91]

Ground Truth Pose:
Rotation:
[    0.43903     0.89845    0.044942]
[    0.79492    -0.36403    -0.48731]
[   -0.42106     0.24933    -0.87318]
Euler Angles (xyz, degrees):
Roll (X): 164.06
Pitch (Y): 24.88
Yaw (Z): 61.11
Translation: [5.58, -31.46, 995.14]

Error Analysis:
Rotation Error (degrees):
Roll (X): -21.38
Pitch (Y): 27.76
Yaw (Z): -15.00
Total Rotation Error Euler: 38.12
Total Rotation Error Matrix: 32.00
Translation Error Vector [x, y, z]: [-0.59, -13.37, -7.23] mm
Translation Error Magnitude: 15.21 mm
------------------------------
Frame 5 (000005.json):

Estimated Pose:
Rotation:
[    0.31726     0.94825   -0.012623]
[    0.35449    -0.13093    -0.92585]
[   -0.87959     0.28926    -0.37768]
Roll (X): 142.55
Pitch (Y): 61.59
Yaw (Z): 48.17
Translation: [-2.19, -82.04, 930.90]

Ground Truth Pose:
Rotation:
[    0.34177      0.9388    0.061647]
[    0.87822    -0.29477     -0.3791]
[   -0.33741     0.18344    -0.92435]
Euler Angles (xyz, degrees):
Roll (X): 168.77
Pitch (Y): 19.70
Yaw (Z): 68.76
Translation: [-3.03, -70.56, 949.43]

Error Analysis:
Rotation Error (degrees):
Roll (X): -26.22
Pitch (Y): 41.89
Yaw (Z): -20.59
Total Rotation Error Euler: 53.54
Total Rotation Error Matrix: 45.66
Translation Error Vector [x, y, z]: [0.84, -11.48, -18.53] mm
Translation Error Magnitude: 21.81 mm
------------------------------
Frame 6 (000006.json):

Estimated Pose:
Rotation:
[    0.30349     0.95222   -0.034234]
[    0.35954    -0.14772    -0.92136]
[    -0.8824     0.26731    -0.38719]
Roll (X): 145.38
Pitch (Y): 61.93
Yaw (Z): 49.83
Translation: [-26.91, -51.04, 952.81]

Ground Truth Pose:
Rotation:
[    0.33142     0.94041     0.08809]
[    0.87695    -0.27165    -0.39882]
[   -0.35078     0.20914    -0.91385]
Euler Angles (xyz, degrees):
Roll (X): 167.11
Pitch (Y): 20.52
Yaw (Z): 69.32
Translation: [-28.65, -39.91, 990.69]

Error Analysis:
Rotation Error (degrees):
Roll (X): -21.73
Pitch (Y): 41.41
Yaw (Z): -19.49
Total Rotation Error Euler: 50.66
Total Rotation Error Matrix: 44.14
Translation Error Vector [x, y, z]: [1.74, -11.13, -37.89] mm
Translation Error Magnitude: 39.53 mm
------------------------------
Frame 7 (000007.json):

Estimated Pose:
Rotation:
[    0.33822     0.93894   -0.063256]
[    0.34396    -0.18591     -0.9204]
[   -0.87595     0.28954    -0.38584]
Roll (X): 143.11
Pitch (Y): 61.16
Yaw (Z): 45.48
Translation: [-44.14, -35.66, 1009.23]

Ground Truth Pose:
Rotation:
[     0.3559     0.92919     0.10916]
[    0.87459    -0.28891    -0.39181]
[    -0.3322      0.2346    -0.91461]
Euler Angles (xyz, degrees):
Roll (X): 165.61
Pitch (Y): 19.39
Yaw (Z): 67.88
Translation: [-43.92, -22.36, 1017.13]

Error Analysis:
Rotation Error (degrees):
Roll (X): -22.50
Pitch (Y): 41.77
Yaw (Z): -22.40
Total Rotation Error Euler: 52.46
Total Rotation Error Matrix: 45.05
Translation Error Vector [x, y, z]: [-0.22, -13.30, -7.90] mm
Translation Error Magnitude: 15.47 mm
------------------------------
Frame 8 (000008.json):

Estimated Pose:
Rotation:
[    0.44223     0.89164    -0.09703]
[    0.22778    -0.21629    -0.94939]
[    -0.8675     0.39775    -0.29874]
Roll (X): 126.91
Pitch (Y): 60.17
Yaw (Z): 27.25
Translation: [-75.35, 12.50, 1022.08]

Ground Truth Pose:
Rotation:
[    0.46235     0.87981     0.11901]
[    0.86144    -0.41207    -0.29999]
[   -0.21468     0.24091    -0.94752]
Euler Angles (xyz, degrees):
Roll (X): 165.73
Pitch (Y): 12.39
Yaw (Z): 61.80
Translation: [-71.93, 22.59, 1015.11]

Error Analysis:
Rotation Error (degrees):
Roll (X): -38.82
Pitch (Y): 47.78
Yaw (Z): -34.54
Total Rotation Error Euler: 70.59
Total Rotation Error Matrix: 56.20
Translation Error Vector [x, y, z]: [-3.42, -10.09, 6.97] mm
Translation Error Magnitude: 12.73 mm
------------------------------
Frame 9 (000009.json):

Estimated Pose:
Rotation:
[    0.36181     0.93215    0.013642]
[     0.2598   -0.086765    -0.96176]
[   -0.89532     0.35152    -0.27356]
Roll (X): 127.89
Pitch (Y): 63.55
Yaw (Z): 35.68
Translation: [-55.72, 19.10, 942.98]

Ground Truth Pose:
Rotation:
[     0.3956     0.91651    0.074042]
[    0.90167    -0.37083    -0.22659]
[   -0.18005     0.15617    -0.97217]
Euler Angles (xyz, degrees):
Roll (X): 170.87
Pitch (Y): 10.36
Yaw (Z): 66.33
Translation: [-58.27, 25.20, 991.01]

Error Analysis:
Rotation Error (degrees):
Roll (X): -42.98
Pitch (Y): 53.18
Yaw (Z): -30.65
Total Rotation Error Euler: 74.94
Total Rotation Error Matrix: 61.16
Translation Error Vector [x, y, z]: [2.55, -6.10, -48.03] mm
Translation Error Magnitude: 48.49 mm
------------------------------
Frame 10 (000010.json):

Estimated Pose:
Rotation:
[    0.35702     0.93339    -0.03624]
[    0.23409    -0.12696    -0.96389]
[   -0.90429     0.33564    -0.26383]
Roll (X): 128.17
Pitch (Y): 64.73
Yaw (Z): 33.25
Translation: [-54.52, 3.71, 989.46]

Ground Truth Pose:
Rotation:
[    0.38913     0.91865    0.081485]
[    0.89729    -0.35663    -0.26376]
[   -0.21304      0.1755    -0.96215]
Euler Angles (xyz, degrees):
Roll (X): 169.66
Pitch (Y): 12.29
Yaw (Z): 66.58
Translation: [-53.99, 10.95, 998.91]

Error Analysis:
Rotation Error (degrees):
Roll (X): -41.49
Pitch (Y): 52.44
Yaw (Z): -33.32
Total Rotation Error Euler: 74.71
Total Rotation Error Matrix: 59.72
Translation Error Vector [x, y, z]: [-0.53, -7.24, -9.45] mm
Translation Error Magnitude: 11.92 mm
------------------------------

Summary Statistics
==================================================
Number of frames processed: 11
Number of failed frames: 0
Failed frames: []
Average translation error: 33.31 +- 24.10 mm
Average rotation error euler: 44.95 +- 23.01 degrees
Average rotation error mat: 37.06 +- 19.12 degrees
