Pose Errors for obj_000009
==================================================

Frame 0:

Estimated Pose:
Rotation:
[   -0.96384     -0.2652   -0.026233]
[   -0.16187     0.66081    -0.73289]
[     0.2117    -0.70214    -0.67984]
Roll (X): -134.08
Pitch (Y): -12.22
Yaw (Z): -170.47
Translation: [51.11, 55.96, 992.30]

Ground Truth Pose:
Rotation:
[   -0.92941    -0.36763   -0.032764]
[   -0.24574      0.6826    -0.68826]
[    0.27539    -0.63162    -0.72475]
Euler Angles (xyz, degrees):
Roll (X): -138.93
Pitch (Y): -15.98
Yaw (Z): -165.19
Translation: [50.69, 55.12, 963.16]

Error Analysis:
Rotation Error (degrees):
Roll (X): 4.85
Pitch (Y): 3.76
Yaw (Z): -5.28
Total Rotation Error Euler: 8.10
Total Rotation Error Matrix: 7.27
Translation Error Vector [x, y, z]: [0.42, 0.83, 29.13] mm
Translation Error Magnitude: 29.15 mm

ADD Error Analysis:
ADD Error: 29.90
Point-wise distances: [     33.335      37.425      28.532      32.912      28.344      31.156      22.188      25.285]
Model diameter: 155.65 mm
10% threshold: 15.56 mm
Pose correct: False
Percentage of model diameter: 19.21
------------------------------
Frame 1:

Estimated Pose:
Rotation:
[   -0.95743    -0.28859  -0.0062513]
[   -0.21108     0.71473    -0.66679]
[     0.1969    -0.63709    -0.74522]
Roll (X): -139.47
Pitch (Y): -11.36
Yaw (Z): -167.57
Translation: [12.03, 117.99, 973.53]

Ground Truth Pose:
Rotation:
[   -0.94451     -0.3283    0.012226]
[   -0.25835     0.71925    -0.64495]
[    0.20294    -0.61231    -0.76415]
Euler Angles (xyz, degrees):
Roll (X): -141.29
Pitch (Y): -11.71
Yaw (Z): -164.70
Translation: [13.25, 117.69, 964.67]

Error Analysis:
Rotation Error (degrees):
Roll (X): 1.82
Pitch (Y): 0.35
Yaw (Z): -2.86
Total Rotation Error Euler: 3.41
Total Rotation Error Matrix: 3.07
Translation Error Vector [x, y, z]: [-1.22, 0.30, 8.86] mm
Translation Error Magnitude: 8.95 mm

ADD Error Analysis:
ADD Error: 9.50
Point-wise distances: [     9.4705      11.688      7.7436      9.6045      9.8765      11.324      7.6479      8.6334]
Model diameter: 155.65 mm
10% threshold: 15.56 mm
Pose correct: True
Percentage of model diameter: 6.10
------------------------------
Frame 2:

Estimated Pose:
Rotation:
[   -0.97512    -0.22144   -0.010164]
[   -0.16627     0.76094    -0.62716]
[    0.14662    -0.60987    -0.77882]
Roll (X): -141.94
Pitch (Y): -8.43
Yaw (Z): -170.32
Translation: [23.35, 127.12, 999.30]

Ground Truth Pose:
Rotation:
[   -0.94954    -0.31366   0.0052213]
[    -0.2584      0.7726    -0.57995]
[    0.17787    -0.55203    -0.81466]
Euler Angles (xyz, degrees):
Roll (X): -145.88
Pitch (Y): -10.25
Yaw (Z): -164.78
Translation: [24.29, 125.16, 979.67]

Error Analysis:
Rotation Error (degrees):
Roll (X): 3.94
Pitch (Y): 1.81
Yaw (Z): -5.55
Total Rotation Error Euler: 7.04
Total Rotation Error Matrix: 6.50
Translation Error Vector [x, y, z]: [-0.94, 1.96, 19.63] mm
Translation Error Magnitude: 19.75 mm

ADD Error Analysis:
ADD Error: 20.84
Point-wise distances: [     22.114      25.711      18.135      21.493      21.498      23.311      16.606      17.833]
Model diameter: 155.65 mm
10% threshold: 15.56 mm
Pose correct: False
Percentage of model diameter: 13.39
------------------------------
Frame 3:

Estimated Pose:
Rotation:
[   -0.98564    -0.16077   -0.051625]
[    -0.1117     0.85008    -0.51467]
[    0.12663    -0.50151    -0.85583]
Roll (X): -149.63
Pitch (Y): -7.27
Yaw (Z): -173.53
Translation: [69.34, 138.30, 1008.60]

Ground Truth Pose:
Rotation:
[   -0.97252    -0.22471   -0.061162]
[   -0.17437     0.87669    -0.44837]
[    0.15437    -0.42538    -0.89177]
Euler Angles (xyz, degrees):
Roll (X): -154.50
Pitch (Y): -8.88
Yaw (Z): -169.84
Translation: [69.12, 133.84, 984.20]

Error Analysis:
Rotation Error (degrees):
Roll (X): 4.87
Pitch (Y): 1.61
Yaw (Z): -3.70
Total Rotation Error Euler: 6.32
Total Rotation Error Matrix: 5.89
Translation Error Vector [x, y, z]: [0.22, 4.46, 24.40] mm
Translation Error Magnitude: 24.80 mm

ADD Error Analysis:
ADD Error: 25.38
Point-wise distances: [     27.788      30.359      21.772      24.874      27.184      28.179      20.844      22.018]
Model diameter: 155.65 mm
10% threshold: 15.56 mm
Pose correct: False
Percentage of model diameter: 16.30
------------------------------
Frame 4:

Estimated Pose:
Rotation:
[   -0.98684    -0.15087    0.058134]
[   -0.15799     0.82344    -0.54496]
[    0.03435    -0.54698    -0.83644]
Roll (X): -146.82
Pitch (Y): -1.97
Yaw (Z): -170.90
Translation: [-33.21, 198.95, 978.49]

Ground Truth Pose:
Rotation:
[   -0.97507    -0.22001    0.029488]
[    -0.2083     0.86095    -0.46412]
[   0.076723    -0.45868     -0.8853]
Euler Angles (xyz, degrees):
Roll (X): -152.61
Pitch (Y): -4.40
Yaw (Z): -167.94
Translation: [-31.19, 189.16, 938.88]

Error Analysis:
Rotation Error (degrees):
Roll (X): 5.79
Pitch (Y): 2.43
Yaw (Z): -2.96
Total Rotation Error Euler: 6.95
Total Rotation Error Matrix: 6.79
Translation Error Vector [x, y, z]: [-2.02, 9.79, 39.61] mm
Translation Error Magnitude: 40.85 mm

ADD Error Analysis:
ADD Error: 41.26
Point-wise distances: [     45.121        47.7      37.455      40.639      42.926      44.342      35.021      36.869]
Model diameter: 155.65 mm
10% threshold: 15.56 mm
Pose correct: False
Percentage of model diameter: 26.51
------------------------------
Frame 5:

Estimated Pose:
Rotation:
[   -0.95496      -0.281    0.095378]
[   -0.29345     0.84644    -0.44433]
[   0.044123     -0.4523    -0.89077]
Roll (X): -153.08
Pitch (Y): -2.53
Yaw (Z): -162.92
Translation: [-67.99, 157.88, 960.86]

Ground Truth Pose:
Rotation:
[   -0.94593     -0.3215    0.043522]
[   -0.31533     0.87953    -0.35642]
[   0.076309    -0.35086    -0.93333]
Euler Angles (xyz, degrees):
Roll (X): -159.40
Pitch (Y): -4.38
Yaw (Z): -161.56
Translation: [-63.70, 149.98, 919.90]

Error Analysis:
Rotation Error (degrees):
Roll (X): 6.32
Pitch (Y): 1.85
Yaw (Z): -1.35
Total Rotation Error Euler: 6.72
Total Rotation Error Matrix: 6.63
Translation Error Vector [x, y, z]: [-4.29, 7.90, 40.96] mm
Translation Error Magnitude: 41.94 mm

ADD Error Analysis:
ADD Error: 42.25
Point-wise distances: [     46.897      48.682      38.296      40.575      44.545      45.691       35.87      37.406]
Model diameter: 155.65 mm
10% threshold: 15.56 mm
Pose correct: False
Percentage of model diameter: 27.14
------------------------------
Frame 6:

Estimated Pose:
Rotation:
[   -0.95545    -0.26495     0.13006]
[   -0.29464      0.8303    -0.47307]
[   0.017348    -0.49032    -0.87137]
Roll (X): -150.63
Pitch (Y): -0.99
Yaw (Z): -162.86
Translation: [-97.89, 187.95, 996.24]

Ground Truth Pose:
Rotation:
[   -0.94096    -0.33133    0.069713]
[   -0.33238     0.86467    -0.37671]
[   0.064536    -0.37763    -0.92372]
Euler Angles (xyz, degrees):
Roll (X): -157.76
Pitch (Y): -3.70
Yaw (Z): -160.54
Translation: [-92.99, 178.65, 954.82]

Error Analysis:
Rotation Error (degrees):
Roll (X): 7.13
Pitch (Y): 2.71
Yaw (Z): -2.32
Total Rotation Error Euler: 7.97
Total Rotation Error Matrix: 7.87
Translation Error Vector [x, y, z]: [-4.90, 9.31, 41.42] mm
Translation Error Magnitude: 42.73 mm

ADD Error Analysis:
ADD Error: 43.19
Point-wise distances: [     48.645      50.858      38.856      41.819      45.653      46.685      35.735      37.298]
Model diameter: 155.65 mm
10% threshold: 15.56 mm
Pose correct: False
Percentage of model diameter: 27.75
------------------------------
Frame 7:

Estimated Pose:
Rotation:
[   -0.94634    -0.28789     0.14684]
[   -0.32278     0.81957    -0.47341]
[   0.015938     -0.4954    -0.86852]
Roll (X): -150.30
Pitch (Y): -0.91
Yaw (Z): -161.17
Translation: [-111.96, 212.10, 1046.88]

Ground Truth Pose:
Rotation:
[    -0.9477    -0.30585    0.091451]
[   -0.31751      0.8734    -0.36931]
[   0.033081    -0.37903    -0.92481]
Euler Angles (xyz, degrees):
Roll (X): -157.71
Pitch (Y): -1.90
Yaw (Z): -161.48
Translation: [-103.62, 197.54, 981.45]

Error Analysis:
Rotation Error (degrees):
Roll (X): 7.41
Pitch (Y): 0.98
Yaw (Z): 0.31
Total Rotation Error Euler: 7.49
Total Rotation Error Matrix: 7.48
Translation Error Vector [x, y, z]: [-8.34, 14.56, 65.42] mm
Translation Error Magnitude: 67.54 mm

ADD Error Analysis:
ADD Error: 67.77
Point-wise distances: [     72.586       74.59      62.663      64.978      70.715      72.728      60.793      63.128]
Model diameter: 155.65 mm
10% threshold: 15.56 mm
Pose correct: False
Percentage of model diameter: 43.54
------------------------------
Frame 8:

Estimated Pose:
Rotation:
[   -0.99926   -0.007342    0.037817]
[  -0.017491     0.96112    -0.27558]
[  -0.034323    -0.27603    -0.96053]
Roll (X): -163.97
Pitch (Y): 1.97
Yaw (Z): -179.00
Translation: [-115.36, 271.10, 1084.10]

Ground Truth Pose:
Rotation:
[   -0.97579    -0.19233     0.10431]
[   -0.21413     0.93739    -0.27473]
[  -0.044942    -0.29041    -0.95586]
Euler Angles (xyz, degrees):
Roll (X): -163.10
Pitch (Y): 2.58
Yaw (Z): -167.62
Translation: [-106.51, 250.25, 1002.06]

Error Analysis:
Rotation Error (degrees):
Roll (X): -0.87
Pitch (Y): -0.61
Yaw (Z): -11.37
Total Rotation Error Euler: 11.42
Total Rotation Error Matrix: 11.38
Translation Error Vector [x, y, z]: [-8.85, 20.85, 82.04] mm
Translation Error Magnitude: 85.11 mm

ADD Error Analysis:
ADD Error: 86.04
Point-wise distances: [      82.58      83.197      83.086      82.713      88.798      89.507      89.312      89.099]
Model diameter: 155.65 mm
10% threshold: 15.56 mm
Pose correct: False
Percentage of model diameter: 55.28
------------------------------
Frame 9:

Estimated Pose:
Rotation:
[   -0.97644    0.083029    -0.19916]
[    0.10316     0.99031   -0.092939]
[    0.18951     -0.1113    -0.97555]
Roll (X): -173.49
Pitch (Y): -10.92
Yaw (Z): 173.97
Translation: [-165.27, 386.43, 1535.02]

Ground Truth Pose:
Rotation:
[   -0.96229    -0.26598    0.057363]
[    -0.2721     0.94089     -0.2018]
[-0.00029588     -0.2098    -0.97776]
Euler Angles (xyz, degrees):
Roll (X): -167.89
Pitch (Y): 0.02
Yaw (Z): -164.21
Translation: [-107.02, 250.56, 996.54]

Error Analysis:
Rotation Error (degrees):
Roll (X): -5.60
Pitch (Y): -10.94
Yaw (Z): 338.18
Total Rotation Error Euler: 338.40
Total Rotation Error Matrix: 25.46
Translation Error Vector [x, y, z]: [-58.25, 135.87, 538.49] mm
Translation Error Magnitude: 558.41 mm

ADD Error Analysis:
ADD Error: 558.95
Point-wise distances: [     539.37       544.4      545.27      549.23      567.82       573.3      573.88      578.34]
Model diameter: 155.65 mm
10% threshold: 15.56 mm
Pose correct: False
Percentage of model diameter: 359.12
------------------------------
Frame 10:

Estimated Pose:
Rotation:
[   -0.99854   0.0086652   -0.053325]
[   0.019014     0.98027    -0.19675]
[   0.050568    -0.19748      -0.979]
Roll (X): -168.60
Pitch (Y): -2.90
Yaw (Z): 178.91
Translation: [-116.01, 264.13, 1111.05]

Ground Truth Pose:
Rotation:
[   -0.95998    -0.27257    0.064634]
[   -0.28008     0.92968    -0.23935]
[  0.0051522    -0.24787     -0.9688]
Euler Angles (xyz, degrees):
Roll (X): -165.65
Pitch (Y): -0.30
Yaw (Z): -163.73
Translation: [-104.63, 235.93, 995.35]

Error Analysis:
Rotation Error (degrees):
Roll (X): -2.95
Pitch (Y): -2.60
Yaw (Z): 342.64
Total Rotation Error Euler: 342.67
Total Rotation Error Matrix: 17.87
Translation Error Vector [x, y, z]: [-11.38, 28.20, 115.70] mm
Translation Error Magnitude: 119.63 mm

ADD Error Analysis:
ADD Error: 121.16
Point-wise distances: [     113.19      114.47       116.6      116.06      124.73      127.09      128.25      128.93]
Model diameter: 155.65 mm
10% threshold: 15.56 mm
Pose correct: False
Percentage of model diameter: 77.85
------------------------------
Frame 11:

Estimated Pose:
Rotation:
[   -0.91922    -0.39155     0.04153]
[   -0.33237     0.71506    -0.61499]
[     0.2111    -0.57912    -0.78744]
Roll (X): -143.67
Pitch (Y): -12.19
Yaw (Z): -160.12
Translation: [-91.68, 218.18, 995.06]

Ground Truth Pose:
Rotation:
[    -0.8835    -0.46829    0.013101]
[   -0.41261      0.7646    -0.49515]
[    0.22186    -0.44287    -0.86872]
Euler Angles (xyz, degrees):
Roll (X): -152.99
Pitch (Y): -12.82
Yaw (Z): -154.97
Translation: [-86.15, 208.37, 955.87]

Error Analysis:
Rotation Error (degrees):
Roll (X): 9.32
Pitch (Y): 0.63
Yaw (Z): -5.15
Total Rotation Error Euler: 10.67
Total Rotation Error Matrix: 9.63
Translation Error Vector [x, y, z]: [-5.54, 9.81, 39.19] mm
Translation Error Magnitude: 40.78 mm

ADD Error Analysis:
ADD Error: 41.54
Point-wise distances: [     44.139       48.87      32.291      37.992      47.023      49.451      34.939      37.626]
Model diameter: 155.65 mm
10% threshold: 15.56 mm
Pose correct: False
Percentage of model diameter: 26.69
------------------------------
Frame 12:

Estimated Pose:
Rotation:
[   -0.91981    -0.39236   0.0014133]
[   -0.29647     0.69265    -0.65753]
[    0.25701    -0.60522    -0.75343]
Roll (X): -141.23
Pitch (Y): -14.89
Yaw (Z): -162.13
Translation: [-86.43, 185.21, 978.56]

Ground Truth Pose:
Rotation:
[   -0.86792    -0.49674   0.0026999]
[   -0.40379     0.70233    -0.58627]
[    0.28933    -0.50992    -0.81013]
Euler Angles (xyz, degrees):
Roll (X): -147.81
Pitch (Y): -16.82
Yaw (Z): -155.05
Translation: [-83.40, 181.43, 961.22]

Error Analysis:
Rotation Error (degrees):
Roll (X): 6.59
Pitch (Y): 1.92
Yaw (Z): -7.09
Total Rotation Error Euler: 9.86
Total Rotation Error Matrix: 8.46
Translation Error Vector [x, y, z]: [-3.03, 3.78, 17.34] mm
Translation Error Magnitude: 18.01 mm

ADD Error Analysis:
ADD Error: 19.80
Point-wise distances: [     20.806      25.927      13.481      18.888      23.342      24.816      15.465      15.679]
Model diameter: 155.65 mm
10% threshold: 15.56 mm
Pose correct: False
Percentage of model diameter: 12.72
------------------------------
Frame 13:

Estimated Pose:
Rotation:
[   -0.92568    -0.37216   -0.067945]
[   -0.21562     0.66659    -0.71356]
[    0.31085    -0.64587     -0.6973]
Roll (X): -137.19
Pitch (Y): -18.11
Yaw (Z): -166.89
Translation: [-17.82, 179.35, 927.28]

Ground Truth Pose:
Rotation:
[   -0.90284    -0.42558   -0.061619]
[    -0.2684     0.66965    -0.69251]
[    0.33598    -0.60867     -0.7188]
Euler Angles (xyz, degrees):
Roll (X): -139.74
Pitch (Y): -19.63
Yaw (Z): -163.44
Translation: [-16.80, 179.16, 923.70]

Error Analysis:
Rotation Error (degrees):
Roll (X): 2.55
Pitch (Y): 1.52
Yaw (Z): -3.44
Total Rotation Error Euler: 4.55
Total Rotation Error Matrix: 3.85
Translation Error Vector [x, y, z]: [-1.02, 0.19, 3.58] mm
Translation Error Magnitude: 3.73 mm

ADD Error Analysis:
ADD Error: 5.45
Point-wise distances: [     5.8597      8.2786      3.9852      5.9874      6.2933      6.8457      3.7329       2.638]
Model diameter: 155.65 mm
10% threshold: 15.56 mm
Pose correct: True
Percentage of model diameter: 3.50
------------------------------
Frame 14:

Estimated Pose:
Rotation:
[   -0.94268    -0.32367    -0.08122]
[    -0.1364     0.59586    -0.79142]
[    0.30456    -0.73497    -0.60585]
Roll (X): -129.50
Pitch (Y): -17.73
Yaw (Z): -171.77
Translation: [8.81, 189.14, 913.41]

Ground Truth Pose:
Rotation:
[   -0.91254    -0.39969   -0.086939]
[   -0.19888      0.6193    -0.75957]
[    0.35742    -0.67583    -0.64462]
Euler Angles (xyz, degrees):
Roll (X): -133.65
Pitch (Y): -20.94
Yaw (Z): -167.70
Translation: [10.25, 185.93, 898.00]

Error Analysis:
Rotation Error (degrees):
Roll (X): 4.15
Pitch (Y): 3.21
Yaw (Z): -4.06
Total Rotation Error Euler: 6.63
Total Rotation Error Matrix: 5.71
Translation Error Vector [x, y, z]: [-1.44, 3.22, 15.41] mm
Translation Error Magnitude: 15.81 mm

ADD Error Analysis:
ADD Error: 16.68
Point-wise distances: [     19.178      22.276      14.508      18.006      17.071      18.562      11.133      12.741]
Model diameter: 155.65 mm
10% threshold: 15.56 mm
Pose correct: True
Percentage of model diameter: 10.72
------------------------------
Frame 15:

Estimated Pose:
Rotation:
[     -0.955    -0.27736    -0.10506]
[  -0.055828       0.516    -0.85477]
[    0.29129    -0.81044    -0.50826]
Roll (X): -122.09
Pitch (Y): -16.94
Yaw (Z): -176.65
Translation: [10.95, 211.87, 883.31]

Ground Truth Pose:
Rotation:
[   -0.92218    -0.37034    -0.11169]
[   -0.12039     0.54919      -0.827]
[     0.3676    -0.74918    -0.55103]
Euler Angles (xyz, degrees):
Roll (X): -126.33
Pitch (Y): -21.57
Yaw (Z): -172.56
Translation: [11.50, 207.79, 866.41]

Error Analysis:
Rotation Error (degrees):
Roll (X): 4.24
Pitch (Y): 4.63
Yaw (Z): -4.09
Total Rotation Error Euler: 7.50
Total Rotation Error Matrix: 6.67
Translation Error Vector [x, y, z]: [-0.55, 4.07, 16.90] mm
Translation Error Magnitude: 17.39 mm

ADD Error Analysis:
ADD Error: 18.44
Point-wise distances: [     21.827       25.19      17.282      21.035       17.81      19.519      11.447      13.435]
Model diameter: 155.65 mm
10% threshold: 15.56 mm
Pose correct: False
Percentage of model diameter: 11.85
------------------------------
Frame 16:

Estimated Pose:
Rotation:
[   -0.96046    -0.27373   -0.050983]
[  -0.086112     0.46615    -0.88051]
[    0.26478     -0.8413    -0.47129]
Roll (X): -119.26
Pitch (Y): -15.35
Yaw (Z): -174.88
Translation: [-3.00, 148.02, 924.49]

Ground Truth Pose:
Rotation:
[   -0.92093    -0.38538   -0.058376]
[    -0.1628      0.5164    -0.84075]
[    0.35415    -0.76475     -0.5383]
Euler Angles (xyz, degrees):
Roll (X): -125.14
Pitch (Y): -20.74
Yaw (Z): -169.97
Translation: [-2.05, 145.43, 902.85]

Error Analysis:
Rotation Error (degrees):
Roll (X): 5.88
Pitch (Y): 5.39
Yaw (Z): -4.90
Total Rotation Error Euler: 9.36
Total Rotation Error Matrix: 8.34
Translation Error Vector [x, y, z]: [-0.95, 2.59, 21.64] mm
Translation Error Magnitude: 21.82 mm

ADD Error Analysis:
ADD Error: 22.97
Point-wise distances: [     26.731      32.294      21.172      27.313      21.329      24.828      12.868      17.219]
Model diameter: 155.65 mm
10% threshold: 15.56 mm
Pose correct: False
Percentage of model diameter: 14.76
------------------------------
Frame 17:

Estimated Pose:
Rotation:
[     -0.965    -0.25569   -0.058352]
[   -0.07168     0.47115    -0.87914]
[    0.25228    -0.84418    -0.47299]
Roll (X): -119.26
Pitch (Y): -14.61
Yaw (Z): -175.75
Translation: [-10.13, 132.19, 948.38]

Ground Truth Pose:
Rotation:
[   -0.93389    -0.35016   -0.072688]
[   -0.13131      0.5248    -0.84106]
[    0.33264     -0.7759    -0.53607]
Euler Angles (xyz, degrees):
Roll (X): -124.64
Pitch (Y): -19.43
Yaw (Z): -172.00
Translation: [-9.12, 130.30, 930.22]

Error Analysis:
Rotation Error (degrees):
Roll (X): 5.38
Pitch (Y): 4.82
Yaw (Z): -3.76
Total Rotation Error Euler: 8.14
Total Rotation Error Matrix: 7.36
Translation Error Vector [x, y, z]: [-1.00, 1.88, 18.16] mm
Translation Error Magnitude: 18.28 mm

ADD Error Analysis:
ADD Error: 19.26
Point-wise distances: [     22.727      27.815      17.479      23.464      17.796      20.847       9.756      14.177]
Model diameter: 155.65 mm
10% threshold: 15.56 mm
Pose correct: False
Percentage of model diameter: 12.37
------------------------------
Frame 18:

Estimated Pose:
Rotation:
[   -0.62478    -0.77584   -0.087836]
[   -0.24789     0.30377    -0.91993]
[    0.74041    -0.55298    -0.38211]
Roll (X): -124.64
Pitch (Y): -47.77
Yaw (Z): -158.36
Translation: [149.77, 158.81, 910.13]

Ground Truth Pose:
Rotation:
[   -0.73254    -0.67763   -0.065146]
[    -0.2215     0.32774    -0.91845]
[    0.64371    -0.65835    -0.39017]
Euler Angles (xyz, degrees):
Roll (X): -120.65
Pitch (Y): -40.07
Yaw (Z): -163.18
Translation: [156.31, 160.05, 929.31]

Error Analysis:
Rotation Error (degrees):
Roll (X): -3.99
Pitch (Y): -7.70
Yaw (Z): 4.82
Total Rotation Error Euler: 9.92
Total Rotation Error Matrix: 8.45
Translation Error Vector [x, y, z]: [-6.55, -1.23, -19.18] mm
Translation Error Magnitude: 20.30 mm

ADD Error Analysis:
ADD Error: 21.39
Point-wise distances: [     29.613      29.498      25.409      26.078      19.023      18.055      11.591       11.82]
Model diameter: 155.65 mm
10% threshold: 15.56 mm
Pose correct: False
Percentage of model diameter: 13.74
------------------------------
Frame 19:

Estimated Pose:
Rotation:
[    -0.6168    -0.78382   -0.071966]
[   -0.20968     0.25175    -0.94481]
[    0.75868    -0.56766    -0.31963]
Roll (X): -119.38
Pitch (Y): -49.35
Yaw (Z): -161.22
Translation: [130.53, 198.53, 891.66]

Ground Truth Pose:
Rotation:
[    -0.7261      -0.685   -0.059999]
[     -0.224     0.31813    -0.92122]
[    0.65011    -0.65544    -0.38442]
Euler Angles (xyz, degrees):
Roll (X): -120.39
Pitch (Y): -40.55
Yaw (Z): -162.86
Translation: [136.09, 197.49, 901.77]

Error Analysis:
Rotation Error (degrees):
Roll (X): 1.01
Pitch (Y): -8.80
Yaw (Z): 1.63
Total Rotation Error Euler: 9.01
Total Rotation Error Matrix: 9.12
Translation Error Vector [x, y, z]: [-5.56, 1.04, -10.10] mm
Translation Error Magnitude: 11.58 mm

ADD Error Analysis:
ADD Error: 13.86
Point-wise distances: [     23.334      18.315      21.061       18.61      12.708      6.9846      4.9629       4.875]
Model diameter: 155.65 mm
10% threshold: 15.56 mm
Pose correct: True
Percentage of model diameter: 8.90
------------------------------
Frame 20:

Estimated Pose:
Rotation:
[   -0.60306    -0.79436    -0.07289]
[   -0.24128     0.26874     -0.9325]
[    0.76033    -0.54477    -0.35373]
Roll (X): -123.00
Pitch (Y): -49.49
Yaw (Z): -158.19
Translation: [134.65, 189.94, 856.77]

Ground Truth Pose:
Rotation:
[   -0.71457    -0.69682   -0.062172]
[   -0.23248     0.32034    -0.91835]
[    0.65984    -0.64175    -0.39089]
Euler Angles (xyz, degrees):
Roll (X): -121.35
Pitch (Y): -41.29
Yaw (Z): -161.98
Translation: [141.97, 191.51, 878.82]

Error Analysis:
Rotation Error (degrees):
Roll (X): -1.65
Pitch (Y): -8.21
Yaw (Z): 3.78
Total Rotation Error Euler: 9.19
Total Rotation Error Matrix: 8.68
Translation Error Vector [x, y, z]: [-7.31, -1.57, -22.04] mm
Translation Error Magnitude: 23.28 mm

ADD Error Analysis:
ADD Error: 24.26
Point-wise distances: [      33.86      31.047      30.138      28.232      22.321       19.06      15.783      13.619]
Model diameter: 155.65 mm
10% threshold: 15.56 mm
Pose correct: False
Percentage of model diameter: 15.59
------------------------------
Frame 21:

Estimated Pose:
Rotation:
[    -0.6023      -0.794   -0.082464]
[   -0.25068      0.2862     -0.9248]
[    0.75789    -0.53633    -0.37142]
Roll (X): -124.70
Pitch (Y): -49.28
Yaw (Z): -157.40
Translation: [146.83, 174.80, 853.62]

Ground Truth Pose:
Rotation:
[    -0.7131    -0.69848   -0.060401]
[   -0.22037     0.30509    -0.92649]
[    0.66556    -0.64735    -0.37147]
Euler Angles (xyz, degrees):
Roll (X): -119.85
Pitch (Y): -41.72
Yaw (Z): -162.83
Translation: [153.80, 176.84, 874.78]

Error Analysis:
Rotation Error (degrees):
Roll (X): -4.85
Pitch (Y): -7.55
Yaw (Z): 5.42
Total Rotation Error Euler: 10.49
Total Rotation Error Matrix: 8.50
Translation Error Vector [x, y, z]: [-6.96, -2.04, -21.16] mm
Translation Error Magnitude: 22.37 mm

ADD Error Analysis:
ADD Error: 23.41
Point-wise distances: [      31.35      31.888      26.689      27.819      21.141       20.89      13.426      14.047]
Model diameter: 155.65 mm
10% threshold: 15.56 mm
Pose correct: False
Percentage of model diameter: 15.04
------------------------------
Frame 22:

Estimated Pose:
Rotation:
[   -0.66065    -0.75068   0.0052486]
[   -0.10311    0.083818    -0.99113]
[    0.74358    -0.65533    -0.13278]
Roll (X): -101.45
Pitch (Y): -48.04
Yaw (Z): -171.13
Translation: [146.82, 169.49, 877.16]

Ground Truth Pose:
Rotation:
[   -0.70987    -0.70418   -0.015835]
[   -0.16283     0.18594    -0.96899]
[    0.68528    -0.68526    -0.24665]
Euler Angles (xyz, degrees):
Roll (X): -109.80
Pitch (Y): -43.26
Yaw (Z): -167.08
Translation: [152.04, 167.69, 880.32]

Error Analysis:
Rotation Error (degrees):
Roll (X): 8.34
Pitch (Y): -4.78
Yaw (Z): -4.05
Total Rotation Error Euler: 10.43
Total Rotation Error Matrix: 7.77
Translation Error Vector [x, y, z]: [-5.22, 1.80, -3.17] mm
Translation Error Magnitude: 6.37 mm

ADD Error Analysis:
ADD Error: 10.05
Point-wise distances: [     14.505      5.9147      15.081      10.687      11.722      8.6975      6.8651      6.8942]
Model diameter: 155.65 mm
10% threshold: 15.56 mm
Pose correct: True
Percentage of model diameter: 6.45
------------------------------
Frame 23:

Estimated Pose:
Rotation:
[   -0.70741    -0.70658   -0.017709]
[   -0.10234     0.12719    -0.98658]
[    0.69935    -0.69611    -0.16229]
Roll (X): -103.12
Pitch (Y): -44.38
Yaw (Z): -171.77
Translation: [112.11, 155.54, 888.53]

Ground Truth Pose:
Rotation:
[   -0.75194    -0.65802   -0.040425]
[   -0.12173     0.19885    -0.97246]
[    0.64792    -0.72629    -0.22962]
Euler Angles (xyz, degrees):
Roll (X): -107.54
Pitch (Y): -40.38
Yaw (Z): -170.80
Translation: [116.76, 154.27, 894.51]

Error Analysis:
Rotation Error (degrees):
Roll (X): 4.42
Pitch (Y): -3.99
Yaw (Z): -0.96
Total Rotation Error Euler: 6.03
Total Rotation Error Matrix: 5.52
Translation Error Vector [x, y, z]: [-4.65, 1.27, -5.99] mm
Translation Error Magnitude: 7.69 mm

ADD Error Analysis:
ADD Error: 8.99
Point-wise distances: [     14.558      8.4432      14.426      9.6528        9.39      4.7572      7.2114      3.4932]
Model diameter: 155.65 mm
10% threshold: 15.56 mm
Pose correct: True
Percentage of model diameter: 5.78
------------------------------
Frame 24:

Estimated Pose:
Rotation:
[   -0.64586    -0.76317   -0.020705]
[   -0.14564     0.14978    -0.97793]
[    0.74944    -0.62859    -0.20789]
Roll (X): -108.30
Pitch (Y): -48.54
Yaw (Z): -167.29
Translation: [83.39, 167.94, 906.00]

Ground Truth Pose:
Rotation:
[   -0.70538    -0.70785   -0.037739]
[   -0.18049     0.23083    -0.95612]
[     0.6855     -0.6676    -0.29058]
Euler Angles (xyz, degrees):
Roll (X): -113.52
Pitch (Y): -43.27
Yaw (Z): -165.65
Translation: [88.23, 166.27, 906.53]

Error Analysis:
Rotation Error (degrees):
Roll (X): 5.22
Pitch (Y): -5.27
Yaw (Z): -1.65
Total Rotation Error Euler: 7.60
Total Rotation Error Matrix: 6.72
Translation Error Vector [x, y, z]: [-4.84, 1.67, -0.54] mm
Translation Error Magnitude: 5.15 mm

ADD Error Analysis:
ADD Error: 8.65
Point-wise distances: [     11.737      5.7779      12.548      10.334      7.8934      7.5516       4.842      8.4776]
Model diameter: 155.65 mm
10% threshold: 15.56 mm
Pose correct: True
Percentage of model diameter: 5.55
------------------------------
Frame 25:

Estimated Pose:
Rotation:
[   -0.66142    -0.74966   -0.023201]
[   -0.23565     0.23708    -0.94248]
[    0.71203    -0.61791    -0.33346]
Roll (X): -118.35
Pitch (Y): -45.40
Yaw (Z): -160.39
Translation: [157.98, 241.94, 913.61]

Ground Truth Pose:
Rotation:
[   -0.78303    -0.62195  -0.0085606]
[   -0.26286     0.34335    -0.90169]
[    0.56374    -0.70378    -0.43233]
Euler Angles (xyz, degrees):
Roll (X): -121.56
Pitch (Y): -34.31
Yaw (Z): -161.44
Translation: [165.01, 242.68, 931.46]

Error Analysis:
Rotation Error (degrees):
Roll (X): 3.21
Pitch (Y): -11.09
Yaw (Z): 1.05
Total Rotation Error Euler: 11.59
Total Rotation Error Matrix: 11.77
Translation Error Vector [x, y, z]: [-7.03, -0.75, -17.85] mm
Translation Error Magnitude: 19.20 mm

ADD Error Analysis:
ADD Error: 21.33
Point-wise distances: [     34.257      26.293      32.186      27.359      19.464      10.351      12.219      8.5104]
Model diameter: 155.65 mm
10% threshold: 15.56 mm
Pose correct: False
Percentage of model diameter: 13.70
------------------------------
Frame 26:

Estimated Pose:
Rotation:
[   -0.69884    -0.71528   0.0028555]
[   -0.30949     0.29877    -0.90275]
[    0.64486    -0.63176    -0.43016]
Roll (X): -124.25
Pitch (Y): -40.16
Yaw (Z): -156.11
Translation: [199.97, 209.70, 915.26]

Ground Truth Pose:
Rotation:
[   -0.79688    -0.60366    0.024725]
[   -0.32738     0.39705    -0.85744]
[    0.50778    -0.69135    -0.51402]
Euler Angles (xyz, degrees):
Roll (X): -126.63
Pitch (Y): -30.52
Yaw (Z): -157.67
Translation: [206.36, 208.87, 932.50]

Error Analysis:
Rotation Error (degrees):
Roll (X): 2.38
Pitch (Y): -9.64
Yaw (Z): 1.55
Total Rotation Error Euler: 10.05
Total Rotation Error Matrix: 10.25
Translation Error Vector [x, y, z]: [-6.39, 0.83, -17.25] mm
Translation Error Magnitude: 18.41 mm

ADD Error Analysis:
ADD Error: 20.04
Point-wise distances: [     31.449      24.569      29.758      25.647      18.108       9.756      12.294      8.7234]
Model diameter: 155.65 mm
10% threshold: 15.56 mm
Pose correct: False
Percentage of model diameter: 12.87
------------------------------
Frame 27:

Estimated Pose:
Rotation:
[   -0.60006    -0.79993   0.0062682]
[   -0.41179     0.30216    -0.85972]
[    0.68583    -0.51846    -0.51072]
Roll (X): -134.57
Pitch (Y): -43.30
Yaw (Z): -145.54
Translation: [181.02, 198.59, 911.00]

Ground Truth Pose:
Rotation:
[   -0.73379    -0.67921     0.01629]
[   -0.39476     0.40671    -0.82388]
[    0.55296    -0.61096    -0.56656]
Euler Angles (xyz, degrees):
Roll (X): -132.84
Pitch (Y): -33.57
Yaw (Z): -151.72
Translation: [189.86, 200.03, 937.76]

Error Analysis:
Rotation Error (degrees):
Roll (X): -1.73
Pitch (Y): -9.73
Yaw (Z): 6.18
Total Rotation Error Euler: 11.66
Total Rotation Error Matrix: 11.06
Translation Error Vector [x, y, z]: [-8.84, -1.45, -26.76] mm
Translation Error Magnitude: 28.22 mm

ADD Error Analysis:
ADD Error: 29.59
Point-wise distances: [     41.395      36.807      38.322       35.27      26.201      21.149      20.199      17.407]
Model diameter: 155.65 mm
10% threshold: 15.56 mm
Pose correct: False
Percentage of model diameter: 19.01
------------------------------
Frame 28:

Estimated Pose:
Rotation:
[   -0.57195     -0.8191    0.044023]
[   -0.47894     0.28989     -0.8286]
[    0.66595      -0.495    -0.55811]
Roll (X): -138.43
Pitch (Y): -41.76
Yaw (Z): -140.06
Translation: [162.28, 233.18, 911.82]

Ground Truth Pose:
Rotation:
[   -0.71922    -0.69342    0.044052]
[   -0.44945     0.41594    -0.79058]
[    0.52987    -0.58838     -0.6108]
Euler Angles (xyz, degrees):
Roll (X): -136.07
Pitch (Y): -32.00
Yaw (Z): -148.00
Translation: [170.11, 233.95, 932.68]

Error Analysis:
Rotation Error (degrees):
Roll (X): -2.36
Pitch (Y): -9.76
Yaw (Z): 7.94
Total Rotation Error Euler: 12.80
Total Rotation Error Matrix: 11.88
Translation Error Vector [x, y, z]: [-7.83, -0.77, -20.86] mm
Translation Error Magnitude: 22.29 mm

ADD Error Analysis:
ADD Error: 24.46
Point-wise distances: [     36.209      31.453      33.605        30.6      20.619      15.861      14.479      12.841]
Model diameter: 155.65 mm
10% threshold: 15.56 mm
Pose correct: False
Percentage of model diameter: 15.71
------------------------------
Frame 29:

Estimated Pose:
Rotation:
[   -0.74552    -0.66648  0.00045069]
[   -0.44907     0.50183    -0.73926]
[    0.49248    -0.55133    -0.67342]
Roll (X): -140.69
Pitch (Y): -29.50
Yaw (Z): -148.94
Translation: [121.64, 193.47, 941.36]

Ground Truth Pose:
Rotation:
[   -0.86754    -0.49531    0.045555]
[   -0.38782     0.61621    -0.68551]
[    0.31146    -0.61235    -0.72666]
Euler Angles (xyz, degrees):
Roll (X): -139.88
Pitch (Y): -18.15
Yaw (Z): -155.91
Translation: [124.33, 188.67, 945.65]

Error Analysis:
Rotation Error (degrees):
Roll (X): -0.81
Pitch (Y): -11.36
Yaw (Z): 6.98
Total Rotation Error Euler: 13.35
Total Rotation Error Matrix: 13.17
Translation Error Vector [x, y, z]: [-2.69, 4.80, -4.29] mm
Translation Error Magnitude: 6.97 mm

ADD Error Analysis:
ADD Error: 15.51
Point-wise distances: [     23.557      17.677      20.249      19.863      14.813      10.478      5.3598      12.085]
Model diameter: 155.65 mm
10% threshold: 15.56 mm
Pose correct: True
Percentage of model diameter: 9.97
------------------------------
Frame 30:

Estimated Pose:
Rotation:
[   -0.79246    -0.60963    0.018924]
[    -0.4417     0.55222    -0.70707]
[     0.4206    -0.56868    -0.70689]
Roll (X): -141.18
Pitch (Y): -24.87
Yaw (Z): -150.87
Translation: [114.46, 170.41, 928.05]

Ground Truth Pose:
Rotation:
[   -0.87154    -0.48729    0.054835]
[    -0.4042     0.65057    -0.64297]
[    0.27763    -0.58252    -0.76395]
Euler Angles (xyz, degrees):
Roll (X): -142.67
Pitch (Y): -16.12
Yaw (Z): -155.12
Translation: [118.51, 166.17, 937.00]

Error Analysis:
Rotation Error (degrees):
Roll (X): 1.49
Pitch (Y): -8.75
Yaw (Z): 4.25
Total Rotation Error Euler: 9.85
Total Rotation Error Matrix: 10.06
Translation Error Vector [x, y, z]: [-4.05, 4.24, -8.95] mm
Translation Error Magnitude: 10.70 mm

ADD Error Analysis:
ADD Error: 13.88
Point-wise distances: [     23.284      16.965      22.164      19.728      11.764      4.7043       4.765       7.665]
Model diameter: 155.65 mm
10% threshold: 15.56 mm
Pose correct: True
Percentage of model diameter: 8.92
------------------------------
Frame 31:

Estimated Pose:
Rotation:
[   -0.76083    -0.64879    0.014419]
[   -0.49378     0.56435    -0.66158]
[    0.42109    -0.51047    -0.74973]
Roll (X): -145.75
Pitch (Y): -24.90
Yaw (Z): -147.02
Translation: [123.92, 219.27, 920.19]

Ground Truth Pose:
Rotation:
[   -0.84768    -0.52694    0.061748]
[   -0.46119     0.67432    -0.57674]
[    0.26226    -0.51735    -0.81461]
Euler Angles (xyz, degrees):
Roll (X): -147.58
Pitch (Y): -15.20
Yaw (Z): -151.45
Translation: [128.49, 215.55, 931.94]

Error Analysis:
Rotation Error (degrees):
Roll (X): 1.83
Pitch (Y): -9.70
Yaw (Z): 4.43
Total Rotation Error Euler: 10.82
Total Rotation Error Matrix: 11.07
Translation Error Vector [x, y, z]: [-4.57, 3.72, -11.75] mm
Translation Error Magnitude: 13.15 mm

ADD Error Analysis:
ADD Error: 16.10
Point-wise distances: [     26.755      19.621      25.899      23.366      13.623      3.8666      6.7121      8.9727]
Model diameter: 155.65 mm
10% threshold: 15.56 mm
Pose correct: True
Percentage of model diameter: 10.35
------------------------------
Frame 32:

Estimated Pose:
Rotation:
[   -0.75481    -0.65419    0.047999]
[   -0.55492     0.59783     -0.5785]
[    0.34975    -0.46329    -0.81427]
Roll (X): -150.36
Pitch (Y): -20.47
Yaw (Z): -143.68
Translation: [112.43, 209.58, 948.40]

Ground Truth Pose:
Rotation:
[    -0.8449    -0.52618    0.096549]
[   -0.49833     0.70846    -0.49978]
[    0.19457    -0.47036    -0.86078]
Euler Angles (xyz, degrees):
Roll (X): -151.35
Pitch (Y): -11.22
Yaw (Z): -149.47
Translation: [115.46, 203.61, 948.67]

Error Analysis:
Rotation Error (degrees):
Roll (X): 0.98
Pitch (Y): -9.25
Yaw (Z): 5.79
Total Rotation Error Euler: 10.96
Total Rotation Error Matrix: 11.09
Translation Error Vector [x, y, z]: [-3.03, 5.97, -0.27] mm
Translation Error Magnitude: 6.70 mm

ADD Error Analysis:
ADD Error: 13.79
Point-wise distances: [     19.712      12.831      16.689      16.026      14.858      11.284      6.5763      12.331]
Model diameter: 155.65 mm
10% threshold: 15.56 mm
Pose correct: True
Percentage of model diameter: 8.86
------------------------------
Frame 33:

Estimated Pose:
Rotation:
[   -0.77851     -0.6244    0.063662]
[   -0.54041     0.61528    -0.57392]
[    0.31919     -0.4812    -0.81643]
Roll (X): -149.48
Pitch (Y): -18.61
Yaw (Z): -145.23
Translation: [102.81, 217.96, 950.19]

Ground Truth Pose:
Rotation:
[   -0.84698     -0.5215     0.10348]
[   -0.49821     0.71055    -0.49693]
[    0.18562    -0.47243    -0.86162]
Euler Angles (xyz, degrees):
Roll (X): -151.26
Pitch (Y): -10.70
Yaw (Z): -149.53
Translation: [106.89, 213.91, 959.01]

Error Analysis:
Rotation Error (degrees):
Roll (X): 1.78
Pitch (Y): -7.92
Yaw (Z): 4.30
Total Rotation Error Euler: 9.18
Total Rotation Error Matrix: 9.38
Translation Error Vector [x, y, z]: [-4.07, 4.04, -8.82] mm
Translation Error Magnitude: 10.52 mm

ADD Error Analysis:
ADD Error: 13.22
Point-wise distances: [     21.938      15.989       21.43      19.491      10.803      2.8858      5.1793      8.0476]
Model diameter: 155.65 mm
10% threshold: 15.56 mm
Pose correct: True
Percentage of model diameter: 8.49
------------------------------
Frame 34:

Estimated Pose:
Rotation:
[   -0.70187    -0.71141    0.035756]
[   -0.59324     0.55602    -0.58215]
[    0.39427     -0.4298    -0.81229]
Roll (X): -152.12
Pitch (Y): -23.22
Yaw (Z): -139.79
Translation: [96.44, 236.02, 958.00]

Ground Truth Pose:
Rotation:
[   -0.81162    -0.57717    0.090461]
[   -0.53304     0.66821    -0.51904]
[    0.23912    -0.46947    -0.84997]
Euler Angles (xyz, degrees):
Roll (X): -151.09
Pitch (Y): -13.83
Yaw (Z): -146.70
Translation: [100.73, 232.02, 966.75]

Error Analysis:
Rotation Error (degrees):
Roll (X): -1.03
Pitch (Y): -9.39
Yaw (Z): 6.91
Total Rotation Error Euler: 11.70
Total Rotation Error Matrix: 11.49
Translation Error Vector [x, y, z]: [-4.29, 4.00, -8.75] mm
Translation Error Magnitude: 10.54 mm

ADD Error Analysis:
ADD Error: 14.69
Point-wise distances: [     24.647      20.244      21.968      22.271      12.552      5.0004      1.7713      9.0362]
Model diameter: 155.65 mm
10% threshold: 15.56 mm
Pose correct: True
Percentage of model diameter: 9.44
------------------------------
Frame 35:

Estimated Pose:
Rotation:
[   -0.63565    -0.77198  0.00073739]
[   -0.58937     0.48467    -0.64633]
[     0.4986    -0.41127    -0.76305]
Roll (X): -151.68
Pitch (Y): -29.91
Yaw (Z): -137.16
Translation: [115.75, 229.62, 953.91]

Ground Truth Pose:
Rotation:
[   -0.73923    -0.67312    0.022161]
[   -0.54758     0.58154    -0.60166]
[    0.39209    -0.45688    -0.79846]
Euler Angles (xyz, degrees):
Roll (X): -150.22
Pitch (Y): -23.08
Yaw (Z): -143.47
Translation: [120.85, 225.85, 962.33]

Error Analysis:
Rotation Error (degrees):
Roll (X): -1.45
Pitch (Y): -6.82
Yaw (Z): 6.31
Total Rotation Error Euler: 9.40
Total Rotation Error Matrix: 8.95
Translation Error Vector [x, y, z]: [-5.10, 3.77, -8.43] mm
Translation Error Magnitude: 10.54 mm

ADD Error Analysis:
ADD Error: 12.99
Point-wise distances: [     21.593      17.916      19.635      18.631      10.768      5.6409      3.6971      6.0338]
Model diameter: 155.65 mm
10% threshold: 15.56 mm
Pose correct: True
Percentage of model diameter: 8.35
------------------------------
Frame 36:

Estimated Pose:
Rotation:
[   -0.67131    -0.74083    0.022543]
[   -0.63239     0.55665    -0.53873]
[    0.38656    -0.37591    -0.84218]
Roll (X): -155.95
Pitch (Y): -22.74
Yaw (Z): -136.71
Translation: [90.26, 231.79, 966.49]

Ground Truth Pose:
Rotation:
[   -0.76375    -0.64478    0.031561]
[   -0.59096     0.67864    -0.43618]
[    0.25981    -0.35177    -0.89933]
Euler Angles (xyz, degrees):
Roll (X): -158.64
Pitch (Y): -15.06
Yaw (Z): -142.27
Translation: [94.67, 225.69, 967.01]

Error Analysis:
Rotation Error (degrees):
Roll (X): 2.69
Pitch (Y): -7.68
Yaw (Z): 5.56
Total Rotation Error Euler: 9.86
Total Rotation Error Matrix: 10.33
Translation Error Vector [x, y, z]: [-4.40, 6.10, -0.52] mm
Translation Error Magnitude: 7.54 mm

ADD Error Analysis:
ADD Error: 13.09
Point-wise distances: [      20.07      11.073      18.198      14.493      14.551      11.052       5.371      9.9149]
Model diameter: 155.65 mm
10% threshold: 15.56 mm
Pose correct: True
Percentage of model diameter: 8.41
------------------------------
Frame 37:

Estimated Pose:
Rotation:
[   -0.77768    -0.62678   -0.048581]
[   -0.56601      0.7317     -0.3798]
[     0.2736    -0.26786    -0.92379]
Roll (X): -163.83
Pitch (Y): -15.88
Yaw (Z): -143.95
Translation: [113.86, 317.37, 1283.09]

Ground Truth Pose:
Rotation:
[   -0.79096    -0.61012    0.046633]
[    -0.5972      0.7531    -0.27606]
[    0.13331    -0.24619    -0.96002]
Euler Angles (xyz, degrees):
Roll (X): -165.62
Pitch (Y): -7.66
Yaw (Z): -142.95
Translation: [91.07, 242.75, 1005.27]

Error Analysis:
Rotation Error (degrees):
Roll (X): 1.79
Pitch (Y): -8.22
Yaw (Z): -1.01
Total Rotation Error Euler: 8.47
Total Rotation Error Matrix: 8.42
Translation Error Vector [x, y, z]: [22.80, 74.62, 277.82] mm
Translation Error Magnitude: 288.57 mm

ADD Error Analysis:
ADD Error: 288.64
