Pose Errors for obj_000001
==================================================

Frame 0:

Estimated Pose:
Rotation:
[    0.69608     0.71612   -0.051446]
[      0.513    -0.54621    -0.66218]
[    -0.5023     0.43454    -0.74757]
Roll (X): 149.83
Pitch (Y): 30.15
Yaw (Z): 36.39
Translation: [85.86, -8.49, 1136.99]

Ground Truth Pose:
Rotation:
[     0.7067     0.70737    0.022295]
[    0.54308    -0.52183    -0.65803]
[   -0.45379     0.47708    -0.75283]
Euler Angles (xyz, degrees):
Roll (X): 147.64
Pitch (Y): 26.98
Yaw (Z): 37.54
Translation: [85.33, -7.65, 1110.17]

Error Analysis:
Rotation Error (degrees):
Roll (X): 2.20
Pitch (Y): 3.17
Yaw (Z): -1.15
Total Rotation Error Euler: 4.02
Total Rotation Error Matrix: 4.15
Translation Error Vector [x, y, z]: [0.54, -0.85, 26.81] mm
Translation Error Magnitude: 26.83 mm

ADD Error Analysis:
ADD Error: 27.10
Point-wise distances: [     30.356      30.686      27.166      27.336      26.585       27.13       23.56      23.946]
Model diameter: 142.09 mm
10% threshold: 14.21 mm
Pose correct: False
Percentage of model diameter: 19.07
------------------------------
Frame 1:

Estimated Pose:
Rotation:
[    0.74672     0.65799    -0.09723]
[    0.25179    -0.41494    -0.87431]
[   -0.61563     0.62839    -0.47553]
Roll (X): 127.12
Pitch (Y): 38.00
Yaw (Z): 18.63
Translation: [141.69, 18.72, 1025.00]

Ground Truth Pose:
Rotation:
[    0.77054     0.63297   -0.076904]
[    0.31497    -0.48275    -0.81731]
[   -0.55439     0.60547    -0.57127]
Euler Angles (xyz, degrees):
Roll (X): 133.33
Pitch (Y): 33.66
Yaw (Z): 22.23
Translation: [152.63, 17.23, 1092.11]

Error Analysis:
Rotation Error (degrees):
Roll (X): -6.22
Pitch (Y): 4.33
Yaw (Z): -3.60
Total Rotation Error Euler: 8.39
Total Rotation Error Matrix: 6.54
Translation Error Vector [x, y, z]: [-10.93, 1.49, -67.11] mm
Translation Error Magnitude: 68.01 mm

ADD Error Analysis:
ADD Error: 68.18
Point-wise distances: [     70.895       62.45      69.377      60.465      75.656      67.624      73.736      65.231]
Model diameter: 142.09 mm
10% threshold: 14.21 mm
Pose correct: False
Percentage of model diameter: 47.98
------------------------------
Frame 2:

Estimated Pose:
Rotation:
[   -0.39293    -0.87347    -0.28749]
[   -0.37972     0.43886    -0.81438]
[    0.83751    -0.21082    -0.50412]
Roll (X): -157.31
Pitch (Y): -56.88
Yaw (Z): -135.98
Translation: [88.40, 25.43, 934.32]

Ground Truth Pose:
Rotation:
[    0.85876     0.51178   -0.030082]
[   0.018003   -0.088778    -0.99601]
[   -0.51234     0.85469   -0.085455]
Euler Angles (xyz, degrees):
Roll (X): 95.71
Pitch (Y): 30.82
Yaw (Z): 1.20
Translation: [188.39, 114.72, 1162.49]

Error Analysis:
Rotation Error (degrees):
Roll (X): -253.01
Pitch (Y): -87.69
Yaw (Z): -137.18
Total Rotation Error Euler: 300.87
Total Rotation Error Matrix: 142.03
Translation Error Vector [x, y, z]: [-99.99, -89.29, -228.17] mm
Translation Error Magnitude: 264.63 mm

ADD Error Analysis:
ADD Error: 278.97
Point-wise distances: [      242.2      271.54      321.97      362.68      194.94      220.66      289.86      327.87]
Model diameter: 142.09 mm
10% threshold: 14.21 mm
Pose correct: False
Percentage of model diameter: 196.34
------------------------------
Frame 3:

Estimated Pose:
Rotation:
[    0.94353     0.32327    0.072427]
[    0.21191    -0.42089    -0.88201]
[   -0.25465     0.84755    -0.46563]
Roll (X): 118.78
Pitch (Y): 14.75
Yaw (Z): 12.66
Translation: [180.00, 83.62, 995.32]

Ground Truth Pose:
Rotation:
[    0.96702     0.25349   -0.030043]
[   0.071668    -0.38265    -0.92124]
[   -0.24499      0.8886    -0.38815]
Euler Angles (xyz, degrees):
Roll (X): 113.59
Pitch (Y): 14.18
Yaw (Z): 4.24
Translation: [221.68, 114.84, 1205.83]

Error Analysis:
Rotation Error (degrees):
Roll (X): 5.19
Pitch (Y): 0.57
Yaw (Z): 8.42
Total Rotation Error Euler: 9.91
Total Rotation Error Matrix: 8.65
Translation Error Vector [x, y, z]: [-41.67, -31.22, -210.52] mm
Translation Error Magnitude: 216.86 mm

ADD Error Analysis:
ADD Error: 217.03
Point-wise distances: [     213.79      218.18      216.24      220.86      213.34      217.86      215.61      220.36]
Model diameter: 142.09 mm
10% threshold: 14.21 mm
Pose correct: False
Percentage of model diameter: 152.75
------------------------------
Frame 4:

Estimated Pose:
Rotation:
[     0.8626     0.31747    -0.39386]
[    -0.2874    -0.33319    -0.89799]
[   -0.41632      0.8878    -0.19617]
Roll (X): 102.46
Pitch (Y): 24.60
Yaw (Z): -18.43
Translation: [205.43, 1.82, 1324.31]

Ground Truth Pose:
Rotation:
[    0.86362     0.26248    -0.43075]
[   -0.37216    -0.24502    -0.89539]
[   -0.34052     0.93347    -0.11391]
Euler Angles (xyz, degrees):
Roll (X): 96.95
Pitch (Y): 19.91
Yaw (Z): -23.31
Translation: [196.13, 20.43, 1177.73]

Error Analysis:
Rotation Error (degrees):
Roll (X): 5.51
Pitch (Y): 4.70
Yaw (Z): 4.89
Total Rotation Error Euler: 8.73
Total Rotation Error Matrix: 7.38
Translation Error Vector [x, y, z]: [9.30, -18.60, 146.59] mm
Translation Error Magnitude: 148.05 mm

ADD Error Analysis:
ADD Error: 148.16
Point-wise distances: [     156.18      148.88      153.84      146.72      149.83       142.5      147.23      140.07]
Model diameter: 142.09 mm
10% threshold: 14.21 mm
Pose correct: False
Percentage of model diameter: 104.27
------------------------------
Frame 5:

Estimated Pose:
Rotation:
[    0.83617     0.41143    -0.36268]
[    -0.2399    -0.32028    -0.91644]
[   -0.49322     0.85331    -0.16911]
Roll (X): 101.21
Pitch (Y): 29.55
Yaw (Z): -16.01
Translation: [160.41, 27.32, 1332.24]

Ground Truth Pose:
Rotation:
[    0.88689     0.21112    -0.41126]
[   -0.36659    -0.22094    -0.90392]
[   -0.28166     0.95231    -0.11854]
Euler Angles (xyz, degrees):
Roll (X): 97.09
Pitch (Y): 16.36
Yaw (Z): -22.46
Translation: [156.91, 41.95, 1201.40]

Error Analysis:
Rotation Error (degrees):
Roll (X): 4.12
Pitch (Y): 13.20
Yaw (Z): 6.45
Total Rotation Error Euler: 15.25
Total Rotation Error Matrix: 14.50
Translation Error Vector [x, y, z]: [3.50, -14.64, 130.85] mm
Translation Error Magnitude: 131.71 mm

ADD Error Analysis:
ADD Error: 132.10
Point-wise distances: [     145.87      141.32      139.64      135.72      129.37      124.58      122.22       118.1]
Model diameter: 142.09 mm
10% threshold: 14.21 mm
Pose correct: False
Percentage of model diameter: 92.98
------------------------------
Frame 6:

Estimated Pose:
Rotation:
[    0.17178     0.87897    -0.44487]
[    0.13687    -0.46849     -0.8728]
[   -0.97558    0.089039    -0.20078]
Roll (X): 156.08
Pitch (Y): 77.31
Yaw (Z): 38.55
Translation: [404.67, 38.23, 1004.64]

Ground Truth Pose:
Rotation:
[    0.44614     0.80591    -0.38956]
[   0.085548    -0.47167    -0.87776]
[   -0.89103     0.35823    -0.27935]
Euler Angles (xyz, degrees):
Roll (X): 127.94
Pitch (Y): 62.99
Yaw (Z): 10.85
Translation: [389.80, 41.03, 984.37]

Error Analysis:
Rotation Error (degrees):
Roll (X): 28.14
Pitch (Y): 14.32
Yaw (Z): 27.69
Total Rotation Error Euler: 42.00
Total Rotation Error Matrix: 16.83
Translation Error Vector [x, y, z]: [14.87, -2.80, 20.27] mm
Translation Error Magnitude: 25.29 mm

ADD Error Analysis:
ADD Error: 27.83
Point-wise distances: [     39.602      42.721      32.424      30.818      24.289      31.128      10.336      11.289]
Model diameter: 142.09 mm
10% threshold: 14.21 mm
Pose correct: False
Percentage of model diameter: 19.58
------------------------------
Frame 7:

Estimated Pose:
Rotation:
[    0.12697     0.92102    -0.36825]
[    0.29838    -0.38952    -0.87135]
[   -0.94597   0.0007579    -0.32427]
Roll (X): 179.87
Pitch (Y): 71.08
Yaw (Z): 66.95
Translation: [65.48, 222.36, 913.00]

Ground Truth Pose:
Rotation:
[   0.091785      0.9322    -0.35038]
[    0.27875    -0.36186    -0.88971]
[   -0.95604   -0.016005    -0.29302]
Euler Angles (xyz, degrees):
Roll (X): -176.87
Pitch (Y): 72.94
Yaw (Z): 71.78
Translation: [68.73, 227.21, 934.06]

Error Analysis:
Rotation Error (degrees):
Roll (X): 356.74
Pitch (Y): -1.86
Yaw (Z): -4.83
Total Rotation Error Euler: 356.77
Total Rotation Error Matrix: 2.56
Translation Error Vector [x, y, z]: [-3.25, -4.86, -21.07] mm
Translation Error Magnitude: 21.86 mm

ADD Error Analysis:
ADD Error: 21.99
Point-wise distances: [     21.612      24.334      21.194      23.715       20.29      22.992      19.615      22.133]
Model diameter: 142.09 mm
10% threshold: 14.21 mm
Pose correct: False
Percentage of model diameter: 15.47
------------------------------
Frame 8:

Estimated Pose:
Rotation:
[   0.025749     0.95872    -0.28319]
[    0.44158    -0.26505    -0.85718]
[   -0.89685    -0.10298    -0.43017]
Roll (X): -166.54
Pitch (Y): 63.75
Yaw (Z): 86.66
Translation: [-10.16, 149.99, 962.36]

Ground Truth Pose:
Rotation:
[   0.046416      0.9705    -0.23697]
[    0.41613    -0.23446    -0.87868]
[    -0.9082   -0.057821    -0.41469]
Euler Angles (xyz, degrees):
Roll (X): -172.06
Pitch (Y): 65.25
Yaw (Z): 83.64
Translation: [-8.96, 154.15, 979.21]

Error Analysis:
Rotation Error (degrees):
Roll (X): 5.52
Pitch (Y): -1.50
Yaw (Z): 3.02
Total Rotation Error Euler: 6.47
Total Rotation Error Matrix: 3.29
Translation Error Vector [x, y, z]: [-1.20, -4.16, -16.85] mm
Translation Error Magnitude: 17.40 mm

ADD Error Analysis:
ADD Error: 17.62
Point-wise distances: [     15.765      16.637      19.762      20.668      14.289       15.84      18.272      19.721]
Model diameter: 142.09 mm
10% threshold: 14.21 mm
Pose correct: False
Percentage of model diameter: 12.40
------------------------------
Frame 9:

Estimated Pose:
Rotation:
[  -0.016305     0.97305       -0.23]
[    0.55712    -0.18218    -0.81021]
[   -0.83027    -0.14135    -0.53913]
Roll (X): -165.31
Pitch (Y): 56.13
Yaw (Z): 91.68
Translation: [23.24, 137.91, 988.65]

Ground Truth Pose:
Rotation:
[   0.003706     0.98158    -0.19152]
[    0.53692    -0.16354    -0.82776]
[   -0.84371   -0.099754    -0.52759]
Euler Angles (xyz, degrees):
Roll (X): -169.29
Pitch (Y): 57.53
Yaw (Z): 89.61
Translation: [24.41, 139.50, 997.37]

Error Analysis:
Rotation Error (degrees):
Roll (X): 3.98
Pitch (Y): -1.40
Yaw (Z): 2.07
Total Rotation Error Euler: 4.70
Total Rotation Error Matrix: 2.72
Translation Error Vector [x, y, z]: [-1.18, -1.60, -8.72] mm
Translation Error Magnitude: 8.94 mm

ADD Error Analysis:
ADD Error: 9.23
Point-wise distances: [      7.681      8.3956      11.069      11.869      6.1374       7.915      9.6022      11.137]
Model diameter: 142.09 mm
10% threshold: 14.21 mm
Pose correct: True
Percentage of model diameter: 6.49
------------------------------
Frame 10:

Estimated Pose:
Rotation:
[    0.14168     0.97897    -0.14681]
[    0.56043    -0.20157     -0.8033]
[     -0.816    0.031541     -0.5772]
Roll (X): 176.87
Pitch (Y): 54.69
Yaw (Z): 75.81
Translation: [-14.14, 144.49, 968.90]

Ground Truth Pose:
Rotation:
[    0.13339      0.9792    -0.15349]
[    0.53416    -0.20149    -0.82115]
[   -0.83488     0.02754    -0.54988]
Euler Angles (xyz, degrees):
Roll (X): 177.13
Pitch (Y): 56.60
Yaw (Z): 75.98
Translation: [-14.07, 147.44, 985.91]

Error Analysis:
Rotation Error (degrees):
Roll (X): -0.26
Pitch (Y): -1.91
Yaw (Z): -0.17
Total Rotation Error Euler: 1.94
Total Rotation Error Matrix: 1.67
Translation Error Vector [x, y, z]: [-0.07, -2.95, -17.00] mm
Translation Error Magnitude: 17.26 mm

ADD Error Analysis:
ADD Error: 17.32
Point-wise distances: [     17.305      19.384       17.01      19.078      15.442      17.743      15.138      17.433]
Model diameter: 142.09 mm
10% threshold: 14.21 mm
Pose correct: False
Percentage of model diameter: 12.19
------------------------------
Frame 11:

Estimated Pose:
Rotation:
[    0.54411     0.73964    -0.39608]
[       0.27    -0.60133      -0.752]
[   -0.79439     0.30223    -0.52689]
Roll (X): 150.16
Pitch (Y): 52.60
Yaw (Z): 26.39
Translation: [-44.61, 226.41, 892.36]

Ground Truth Pose:
Rotation:
[    0.54153     0.75553    -0.36891]
[    0.28628    -0.57828    -0.76411]
[   -0.79053     0.30815    -0.52939]
Euler Angles (xyz, degrees):
Roll (X): 149.80
Pitch (Y): 52.23
Yaw (Z): 27.86
Translation: [-43.59, 227.68, 899.89]

Error Analysis:
Rotation Error (degrees):
Roll (X): 0.37
Pitch (Y): 0.37
Yaw (Z): -1.47
Total Rotation Error Euler: 1.56
Total Rotation Error Matrix: 1.54
Translation Error Vector [x, y, z]: [-1.02, -1.27, -7.53] mm
Translation Error Magnitude: 7.70 mm

ADD Error Analysis:
ADD Error: 7.91
Point-wise distances: [     7.3145      7.2959      8.0238      8.1288       7.776      7.5062      8.6919      8.5669]
Model diameter: 142.09 mm
10% threshold: 14.21 mm
Pose correct: True
Percentage of model diameter: 5.57
------------------------------
Frame 12:

Estimated Pose:
Rotation:
[    0.54085     0.72984    -0.41812]
[    0.33921    -0.64414    -0.68558]
[   -0.76969     0.22896    -0.59595]
Roll (X): 158.98
Pitch (Y): 50.33
Yaw (Z): 32.10
Translation: [-69.41, 172.44, 887.20]

Ground Truth Pose:
Rotation:
[    0.53142     0.74874    -0.39644]
[    0.33125    -0.61435    -0.71628]
[   -0.77975      0.2493    -0.57444]
Euler Angles (xyz, degrees):
Roll (X): 156.54
Pitch (Y): 51.23
Yaw (Z): 31.94
Translation: [-69.12, 176.82, 907.71]

Error Analysis:
Rotation Error (degrees):
Roll (X): 2.44
Pitch (Y): -0.91
Yaw (Z): 0.16
Total Rotation Error Euler: 2.61
Total Rotation Error Matrix: 2.31
Translation Error Vector [x, y, z]: [-0.30, -4.38, -20.51] mm
Translation Error Magnitude: 20.97 mm

ADD Error Analysis:
ADD Error: 21.09
Point-wise distances: [      19.77      21.214      21.927      23.217      18.939      20.382      21.008      22.296]
Model diameter: 142.09 mm
10% threshold: 14.21 mm
Pose correct: False
Percentage of model diameter: 14.85
------------------------------
Frame 13:

Estimated Pose:
Rotation:
[    0.46157       0.787    -0.40937]
[    0.36162    -0.58831    -0.72327]
[   -0.81005      0.1858    -0.55614]
Roll (X): 161.53
Pitch (Y): 54.10
Yaw (Z): 38.08
Translation: [-40.98, 163.44, 919.51]

Ground Truth Pose:
Rotation:
[    0.43222     0.80371    -0.40916]
[    0.35624    -0.56897    -0.74133]
[   -0.82851     0.17465    -0.53219]
Euler Angles (xyz, degrees):
Roll (X): 161.83
Pitch (Y): 55.94
Yaw (Z): 39.50
Translation: [-39.70, 165.56, 930.32]

Error Analysis:
Rotation Error (degrees):
Roll (X): -0.30
Pitch (Y): -1.84
Yaw (Z): -1.42
Total Rotation Error Euler: 2.34
Total Rotation Error Matrix: 1.97
Translation Error Vector [x, y, z]: [-1.28, -2.12, -10.81] mm
Translation Error Magnitude: 11.09 mm

ADD Error Analysis:
ADD Error: 11.23
Point-wise distances: [     11.238      13.177      11.133      12.749      9.6619      11.653      9.2963      10.961]
Model diameter: 142.09 mm
10% threshold: 14.21 mm
Pose correct: True
Percentage of model diameter: 7.91
------------------------------
Frame 14:

Estimated Pose:
Rotation:
[    0.50679     0.72313    -0.46931]
[    0.21108    -0.63192    -0.74574]
[   -0.83583     0.27887    -0.47288]
Roll (X): 149.47
Pitch (Y): 56.70
Yaw (Z): 22.61
Translation: [-47.95, 205.40, 926.82]

Ground Truth Pose:
Rotation:
[    0.50191     0.73506    -0.45602]
[    0.21354     -0.6162    -0.75823]
[   -0.83823     0.28316    -0.46619]
Euler Angles (xyz, degrees):
Roll (X): 148.72
Pitch (Y): 56.95
Yaw (Z): 23.05
Translation: [-47.72, 211.60, 952.83]

Error Analysis:
Rotation Error (degrees):
Roll (X): 0.75
Pitch (Y): -0.25
Yaw (Z): -0.44
Total Rotation Error Euler: 0.90
Total Rotation Error Matrix: 0.67
Translation Error Vector [x, y, z]: [-0.24, -6.20, -26.01] mm
Translation Error Magnitude: 26.74 mm

ADD Error Analysis:
ADD Error: 26.76
Point-wise distances: [     26.345      26.706      26.966      27.316      26.223      26.557      26.841      27.164]
Model diameter: 142.09 mm
10% threshold: 14.21 mm
Pose correct: False
Percentage of model diameter: 18.84
------------------------------
Frame 15:

Estimated Pose:
Rotation:
[    0.60797     0.64763    -0.45929]
[   0.085874    -0.62872    -0.77288]
[    -0.7893     0.43044    -0.43786]
Roll (X): 135.49
Pitch (Y): 52.12
Yaw (Z): 8.04
Translation: [-40.02, 214.99, 848.18]

Ground Truth Pose:
Rotation:
[    0.58906       0.675    -0.44448]
[    0.10772    -0.61068    -0.78465]
[   -0.80097     0.41429    -0.43239]
Euler Angles (xyz, degrees):
Roll (X): 136.22
Pitch (Y): 53.22
Yaw (Z): 10.36
Translation: [-39.29, 224.53, 881.83]

Error Analysis:
Rotation Error (degrees):
Roll (X): -0.73
Pitch (Y): -1.10
Yaw (Z): -2.32
Total Rotation Error Euler: 2.67
Total Rotation Error Matrix: 1.88
Translation Error Vector [x, y, z]: [-0.72, -9.54, -33.65] mm
Translation Error Magnitude: 34.98 mm

ADD Error Analysis:
ADD Error: 35.04
Point-wise distances: [     35.513      35.773      34.721      35.008      35.143      35.287      34.353      34.522]
Model diameter: 142.09 mm
10% threshold: 14.21 mm
Pose correct: False
Percentage of model diameter: 24.66
------------------------------
Frame 16:

Estimated Pose:
Rotation:
[    0.58384     0.70389    -0.40456]
[   0.091532     -0.5522    -0.82867]
[   -0.80669     0.44678    -0.38683]
Roll (X): 130.89
Pitch (Y): 53.77
Yaw (Z): 8.91
Translation: [-76.67, 204.98, 870.39]

Ground Truth Pose:
Rotation:
[    0.52256     0.73484    -0.43258]
[   0.085099    -0.54975    -0.83111]
[   -0.84843     0.39746    -0.34977]
Euler Angles (xyz, degrees):
Roll (X): 131.35
Pitch (Y): 58.04
Yaw (Z): 9.25
Translation: [-77.65, 214.98, 911.05]

Error Analysis:
Rotation Error (degrees):
Roll (X): -0.46
Pitch (Y): -4.26
Yaw (Z): -0.34
Total Rotation Error Euler: 4.30
Total Rotation Error Matrix: 4.16
Translation Error Vector [x, y, z]: [0.98, -10.00, -40.65] mm
Translation Error Magnitude: 41.88 mm

ADD Error Analysis:
ADD Error: 41.99
Point-wise distances: [     43.695       46.95      40.195      43.268       40.61      44.122       36.84      40.204]
Model diameter: 142.09 mm
10% threshold: 14.21 mm
Pose correct: False
Percentage of model diameter: 29.55
------------------------------
Frame 17:

Estimated Pose:
Rotation:
[    0.45981     0.77279    -0.43746]
[    0.10257    -0.53554    -0.83825]
[   -0.88207     0.34057    -0.32552]
Roll (X): 133.71
Pitch (Y): 61.89
Yaw (Z): 12.58
Translation: [-87.85, 186.46, 897.35]

Ground Truth Pose:
Rotation:
[    0.40515     0.80379    -0.43585]
[     0.1047    -0.51437    -0.85128]
[   -0.90832     0.29924    -0.29251]
Euler Angles (xyz, degrees):
Roll (X): 134.35
Pitch (Y): 65.27
Yaw (Z): 14.49
Translation: [-86.76, 189.84, 908.36]

Error Analysis:
Rotation Error (degrees):
Roll (X): -0.64
Pitch (Y): -3.37
Yaw (Z): -1.91
Total Rotation Error Euler: 3.93
Total Rotation Error Matrix: 3.51
Translation Error Vector [x, y, z]: [-1.09, -3.38, -11.01] mm
Translation Error Magnitude: 11.56 mm

ADD Error Analysis:
ADD Error: 11.93
Point-wise distances: [     12.616       15.37      10.935       13.19      10.844      13.453       8.447      10.588]
Model diameter: 142.09 mm
10% threshold: 14.21 mm
Pose correct: True
Percentage of model diameter: 8.40
------------------------------
Frame 18:

Estimated Pose:
Rotation:
[    0.46246     0.77361    -0.43319]
[   0.082047    -0.52382    -0.84787]
[   -0.88284     0.35656    -0.30572]
Roll (X): 130.61
Pitch (Y): 61.99
Yaw (Z): 10.06
Translation: [-83.96, 178.50, 876.23]

Ground Truth Pose:
Rotation:
[    0.39621     0.80323      -0.445]
[    0.10165    -0.52004     -0.8482]
[    -0.9126     0.29081    -0.28765]
Euler Angles (xyz, degrees):
Roll (X): 134.69
Pitch (Y): 65.86
Yaw (Z): 14.39
Translation: [-84.50, 185.03, 907.26]

Error Analysis:
Rotation Error (degrees):
Roll (X): -4.08
Pitch (Y): -3.87
Yaw (Z): -4.33
Total Rotation Error Euler: 7.09
Total Rotation Error Matrix: 4.21
Translation Error Vector [x, y, z]: [0.55, -6.53, -31.03] mm
Translation Error Magnitude: 31.71 mm

ADD Error Analysis:
ADD Error: 31.86
Point-wise distances: [     34.377      35.982      29.614      31.113      32.627      34.363      27.579      29.239]
Model diameter: 142.09 mm
10% threshold: 14.21 mm
Pose correct: False
Percentage of model diameter: 22.42
------------------------------
Frame 19:

Estimated Pose:
Rotation:
[    0.34494     0.67351    -0.65376]
[  -0.020691    -0.69089    -0.72267]
[    -0.9384      0.2628    -0.22438]
Roll (X): 130.49
Pitch (Y): 69.78
Yaw (Z): -3.43
Translation: [-63.06, 121.22, 879.65]

Ground Truth Pose:
Rotation:
[    0.29384     0.70437    -0.64631]
[    0.02914    -0.68243    -0.73051]
[   -0.95549     0.19581    -0.22101]
Euler Angles (xyz, degrees):
Roll (X): 138.46
Pitch (Y): 72.83
Yaw (Z): 5.66
Translation: [-62.35, 124.87, 907.51]

Error Analysis:
Rotation Error (degrees):
Roll (X): -7.97
Pitch (Y): -3.04
Yaw (Z): -9.09
Total Rotation Error Euler: 12.47
Total Rotation Error Matrix: 4.15
Translation Error Vector [x, y, z]: [-0.71, -3.64, -27.86] mm
Translation Error Magnitude: 28.11 mm

ADD Error Analysis:
ADD Error: 28.28
Point-wise distances: [     31.023       31.33      26.105      26.453        30.3      30.425      25.239      25.372]
Model diameter: 142.09 mm
10% threshold: 14.21 mm
Pose correct: False
Percentage of model diameter: 19.90
------------------------------
Frame 20:

Estimated Pose:
Rotation:
[     0.4261     0.69706    -0.57666]
[   0.049089     -0.6543    -0.75464]
[   -0.90334     0.29325    -0.31302]
Roll (X): 136.87
Pitch (Y): 64.60
Yaw (Z): 6.57
Translation: [-3.94, 88.09, 839.54]

Ground Truth Pose:
Rotation:
[    0.39438     0.72697     -0.5623]
[   0.096927    -0.64136    -0.76123]
[    -0.9139     0.24569    -0.32336]
Euler Angles (xyz, degrees):
Roll (X): 142.77
Pitch (Y): 66.04
Yaw (Z): 13.81
Translation: [-2.00, 91.07, 870.55]

Error Analysis:
Rotation Error (degrees):
Roll (X): -5.90
Pitch (Y): -1.44
Yaw (Z): -7.23
Total Rotation Error Euler: 9.45
Total Rotation Error Matrix: 3.28
Translation Error Vector [x, y, z]: [-1.94, -2.97, -31.01] mm
Translation Error Magnitude: 31.21 mm

ADD Error Analysis:
ADD Error: 31.33
Point-wise distances: [     33.769      32.889      30.323      29.542      33.264      32.227      29.794      28.839]
Model diameter: 142.09 mm
10% threshold: 14.21 mm
Pose correct: False
Percentage of model diameter: 22.05
------------------------------
Frame 21:

Estimated Pose:
Rotation:
[    0.53566     0.63861    -0.55249]
[  -0.039322     -0.6347    -0.77176]
[   -0.84352     0.43513    -0.31487]
Roll (X): 125.89
Pitch (Y): 57.51
Yaw (Z): -4.20
Translation: [-79.15, 80.70, 891.92]

Ground Truth Pose:
Rotation:
[     0.4883      0.6822    -0.54439]
[   0.012776    -0.62931    -0.77718]
[   -0.87267     0.37251    -0.31596]
Euler Angles (xyz, degrees):
Roll (X): 130.30
Pitch (Y): 60.76
Yaw (Z): 1.50
Translation: [-78.73, 82.70, 915.89]

Error Analysis:
Rotation Error (degrees):
Roll (X): -4.41
Pitch (Y): -3.25
Yaw (Z): -5.69
Total Rotation Error Euler: 7.90
Total Rotation Error Matrix: 4.29
Translation Error Vector [x, y, z]: [-0.42, -2.01, -23.97] mm
Translation Error Magnitude: 24.06 mm

ADD Error Analysis:
ADD Error: 24.28
Point-wise distances: [     27.553       27.47      22.973      22.996      25.888      25.629      20.959      20.773]
Model diameter: 142.09 mm
10% threshold: 14.21 mm
Pose correct: False
Percentage of model diameter: 17.09
------------------------------
Frame 22:

Estimated Pose:
Rotation:
[   -0.45293     0.73805    -0.50013]
[     0.4092     -0.3263    -0.85211]
[   -0.79209     -0.5906    -0.15422]
Roll (X): -104.63
Pitch (Y): 52.38
Yaw (Z): 137.90
Translation: [149.95, 71.15, 814.74]

Ground Truth Pose:
Rotation:
[   -0.33361     0.79984    -0.49914]
[     0.4261     -0.3444    -0.83667]
[   -0.84101    -0.49177    -0.22589]
Euler Angles (xyz, degrees):
Roll (X): -114.68
Pitch (Y): 57.24
Yaw (Z): 128.06
Translation: [148.97, 71.90, 826.42]

Error Analysis:
Rotation Error (degrees):
Roll (X): 10.04
Pitch (Y): -4.86
Yaw (Z): 9.85
Total Rotation Error Euler: 14.88
Total Rotation Error Matrix: 7.66
Translation Error Vector [x, y, z]: [0.99, -0.75, -11.68] mm
Translation Error Magnitude: 11.74 mm

ADD Error Analysis:
ADD Error: 13.04
Point-wise distances: [     15.229      10.257      20.936       14.41      9.4447      4.0652      17.941      12.052]
Model diameter: 142.09 mm
10% threshold: 14.21 mm
Pose correct: True
Percentage of model diameter: 9.18
------------------------------
Frame 23:

Estimated Pose:
Rotation:
[   -0.57946     0.81026   -0.087742]
[     0.1901    0.029686    -0.98132]
[   -0.79252    -0.58531    -0.17123]
Roll (X): -106.31
Pitch (Y): 52.42
Yaw (Z): 161.84
Translation: [133.66, 145.38, 847.46]

Ground Truth Pose:
Rotation:
[   -0.47896     0.87314   -0.091669]
[    0.20767     0.01121    -0.97823]
[     -0.853    -0.48753    -0.18667]
Euler Angles (xyz, degrees):
Roll (X): -110.95
Pitch (Y): 58.54
Yaw (Z): 156.56
Translation: [131.88, 146.61, 857.10]

Error Analysis:
Rotation Error (degrees):
Roll (X): 4.64
Pitch (Y): -6.11
Yaw (Z): 5.28
Total Rotation Error Euler: 9.32
Total Rotation Error Matrix: 6.74
Translation Error Vector [x, y, z]: [1.78, -1.22, -9.64] mm
Translation Error Magnitude: 9.88 mm

ADD Error Analysis:
ADD Error: 11.03
Point-wise distances: [     11.887      11.169      16.709      15.389      4.9335      4.0031      12.774       11.36]
Model diameter: 142.09 mm
10% threshold: 14.21 mm
Pose correct: True
Percentage of model diameter: 7.76
------------------------------
Frame 24:

Estimated Pose:
Rotation:
[   -0.56458     0.82458   -0.036196]
[    0.13761    0.050802    -0.98918]
[   -0.81382    -0.56346    -0.14216]
Roll (X): -104.16
Pitch (Y): 54.47
Yaw (Z): 166.30
Translation: [98.49, 178.01, 867.34]

Ground Truth Pose:
Rotation:
[   -0.42955     0.90242   -0.036368]
[   0.098906   0.0069663    -0.99517]
[   -0.89769    -0.43104    -0.09223]
Euler Angles (xyz, degrees):
Roll (X): -102.07
Pitch (Y): 63.85
Yaw (Z): 167.04
Translation: [96.23, 182.93, 875.36]

Error Analysis:
Rotation Error (degrees):
Roll (X): -2.09
Pitch (Y): -9.38
Yaw (Z): -0.73
Total Rotation Error Euler: 9.64
Total Rotation Error Matrix: 9.45
Translation Error Vector [x, y, z]: [2.26, -4.93, -8.03] mm
Translation Error Magnitude: 9.68 mm

ADD Error Analysis:
ADD Error: 12.42
Point-wise distances: [     13.864      15.469      15.528      19.644      6.0152      5.2814      9.9022      13.691]
Model diameter: 142.09 mm
10% threshold: 14.21 mm
Pose correct: True
Percentage of model diameter: 8.74
------------------------------
Frame 25:

Estimated Pose:
Rotation:
[    -0.5578     0.82798   -0.057422]
[    0.10257  0.00011521    -0.99473]
[   -0.82361    -0.56075   -0.084992]
Roll (X): -98.62
Pitch (Y): 55.45
Yaw (Z): 169.58
Translation: [140.21, 194.20, 842.67]

Ground Truth Pose:
Rotation:
[   -0.41815     0.90625   -0.063658]
[    0.10994    -0.01909    -0.99385]
[   -0.90178    -0.42255   -0.091638]
Euler Angles (xyz, degrees):
Roll (X): -102.23
Pitch (Y): 64.39
Yaw (Z): 165.27
Translation: [137.24, 195.86, 849.49]

Error Analysis:
Rotation Error (degrees):
Roll (X): 3.61
Pitch (Y): -8.94
Yaw (Z): 4.31
Total Rotation Error Euler: 10.56
Total Rotation Error Matrix: 9.14
Translation Error Vector [x, y, z]: [2.96, -1.66, -6.82] mm
Translation Error Magnitude: 7.62 mm

ADD Error Analysis:
ADD Error: 10.57
Point-wise distances: [      12.16       12.48      16.234      15.847      2.9344      3.4174      11.139      10.338]
Model diameter: 142.09 mm
10% threshold: 14.21 mm
Pose correct: True
Percentage of model diameter: 7.44
------------------------------
Frame 26:

Estimated Pose:
Rotation:
[   -0.51767     0.84707    -0.12034]
[    0.16131   -0.041497    -0.98603]
[   -0.84023    -0.52985    -0.11516]
Roll (X): -102.26
Pitch (Y): 57.16
Yaw (Z): 162.69
Translation: [154.90, 147.56, 873.81]

Ground Truth Pose:
Rotation:
[   -0.40924     0.89924    -0.15519]
[    0.15759   -0.097893    -0.98274]
[    -0.8988     -0.4266    -0.10163]
Euler Angles (xyz, degrees):
Roll (X): -103.40
Pitch (Y): 63.99
Yaw (Z): 158.94
Translation: [155.84, 149.54, 887.77]

Error Analysis:
Rotation Error (degrees):
Roll (X): 1.13
Pitch (Y): -6.83
Yaw (Z): 3.75
Total Rotation Error Euler: 7.87
Total Rotation Error Matrix: 7.32
Translation Error Vector [x, y, z]: [-0.94, -1.98, -13.96] mm
Translation Error Magnitude: 14.14 mm

ADD Error Analysis:
ADD Error: 15.25
Point-wise distances: [     12.798      15.161      19.577      20.992       9.332      9.4531      17.448      17.264]
Model diameter: 142.09 mm
10% threshold: 14.21 mm
Pose correct: True
Percentage of model diameter: 10.74
------------------------------
Frame 27:

Estimated Pose:
Rotation:
[   -0.55898      0.8115    -0.17032]
[    0.70304     0.35493    -0.61624]
[   -0.43963    -0.46421    -0.76892]
Roll (X): -148.88
Pitch (Y): 26.08
Yaw (Z): 128.49
Translation: [278.71, 68.59, 844.32]

Ground Truth Pose:
Rotation:
[   -0.47824     0.84847    -0.22713]
[    0.75566     0.26564    -0.59882]
[   -0.44767    -0.45798    -0.76813]
Euler Angles (xyz, degrees):
Roll (X): -149.19
Pitch (Y): 26.59
Yaw (Z): 122.33
Translation: [278.21, 63.70, 848.89]

Error Analysis:
Rotation Error (degrees):
Roll (X): 0.31
Pitch (Y): -0.51
Yaw (Z): 6.16
Total Rotation Error Euler: 6.19
Total Rotation Error Matrix: 5.97
Translation Error Vector [x, y, z]: [0.50, 4.89, -4.57] mm
Translation Error Magnitude: 6.71 mm

ADD Error Analysis:
ADD Error: 8.51
Point-wise distances: [      6.683      9.2988      12.261      11.839      5.4683      4.5338      10.715      7.3132]
Model diameter: 142.09 mm
10% threshold: 14.21 mm
Pose correct: True
Percentage of model diameter: 5.99
------------------------------
Frame 28:

Estimated Pose:
Rotation:
[   -0.54221     0.82002    -0.18324]
[     0.7205     0.34155    -0.60351]
[    -0.4323    -0.45925    -0.77602]
Roll (X): -149.38
Pitch (Y): 25.61
Yaw (Z): 126.96
Translation: [239.52, 54.01, 831.73]

Ground Truth Pose:
Rotation:
[   -0.45927     0.85871    -0.22779]
[    0.76665     0.25353    -0.59004]
[   -0.44885    -0.44559     -0.7747]
Euler Angles (xyz, degrees):
Roll (X): -150.09
Pitch (Y): 26.67
Yaw (Z): 120.92
Translation: [242.07, 50.01, 846.51]

Error Analysis:
Rotation Error (degrees):
Roll (X): 0.71
Pitch (Y): -1.06
Yaw (Z): 6.04
Total Rotation Error Euler: 6.17
Total Rotation Error Matrix: 5.78
Translation Error Vector [x, y, z]: [-2.55, 3.99, -14.78] mm
Translation Error Magnitude: 15.52 mm

ADD Error Analysis:
ADD Error: 16.43
Point-wise distances: [     15.108      15.596      18.878      18.172      14.938      13.966      18.401      16.411]
Model diameter: 142.09 mm
10% threshold: 14.21 mm
Pose correct: False
Percentage of model diameter: 11.57
------------------------------
Frame 29:

Estimated Pose:
Rotation:
[   -0.60677     0.77919    -0.15711]
[    0.66243     0.38645    -0.64175]
[   -0.43933    -0.49347    -0.75065]
Roll (X): -146.68
Pitch (Y): 26.06
Yaw (Z): 132.49
Translation: [170.83, 68.10, 883.88]

Ground Truth Pose:
Rotation:
[   -0.54086     0.81267    -0.21732]
[    0.71948     0.31302    -0.62012]
[   -0.43585    -0.49172    -0.75394]
Euler Angles (xyz, degrees):
Roll (X): -146.89
Pitch (Y): 25.84
Yaw (Z): 126.93
Translation: [173.42, 63.44, 896.98]

Error Analysis:
Rotation Error (degrees):
Roll (X): 0.21
Pitch (Y): 0.22
Yaw (Z): 5.56
Total Rotation Error Euler: 5.57
Total Rotation Error Matrix: 5.39
Translation Error Vector [x, y, z]: [-2.60, 4.66, -13.10] mm
Translation Error Magnitude: 14.14 mm

ADD Error Analysis:
ADD Error: 15.07
Point-wise distances: [     14.049      13.678       17.46      15.593      14.855      13.122      17.461      14.317]
Model diameter: 142.09 mm
10% threshold: 14.21 mm
Pose correct: True
Percentage of model diameter: 10.60
------------------------------
Frame 30:

Estimated Pose:
Rotation:
[   -0.65955     0.73752    -0.14513]
[    0.65254     0.46596    -0.59756]
[   -0.37309    -0.48882    -0.78858]
Roll (X): -148.21
Pitch (Y): 21.91
Yaw (Z): 135.31
Translation: [162.21, 85.06, 904.55]

Ground Truth Pose:
Rotation:
[   -0.59329     0.77648     -0.2128]
[    0.72429     0.39935    -0.56223]
[   -0.35152    -0.48765    -0.79926]
Euler Angles (xyz, degrees):
Roll (X): -148.61
Pitch (Y): 20.58
Yaw (Z): 129.32
Translation: [164.09, 80.61, 909.74]

Error Analysis:
Rotation Error (degrees):
Roll (X): 0.40
Pitch (Y): 1.33
Yaw (Z): 5.99
Total Rotation Error Euler: 6.14
Total Rotation Error Matrix: 5.92
Translation Error Vector [x, y, z]: [-1.88, 4.46, -5.18] mm
Translation Error Magnitude: 7.09 mm

ADD Error Analysis:
ADD Error: 8.95
Point-wise distances: [     7.9156      7.1462      13.016      9.3055      8.8264      6.0002      12.613      6.7793]
Model diameter: 142.09 mm
10% threshold: 14.21 mm
Pose correct: True
Percentage of model diameter: 6.30
------------------------------
Frame 31:

Estimated Pose:
Rotation:
[   -0.67547     0.72272    -0.14639]
[    0.65726     0.50008    -0.56385]
[    -0.3343    -0.47707     -0.8128]
Roll (X): -149.59
Pitch (Y): 19.53
Yaw (Z): 135.78
Translation: [157.71, 91.45, 892.29]

Ground Truth Pose:
Rotation:
[   -0.63194     0.74817     -0.2027]
[    0.70236     0.44207    -0.55807]
[   -0.32786      -0.495    -0.80478]
Euler Angles (xyz, degrees):
Roll (X): -148.40
Pitch (Y): 19.14
Yaw (Z): 131.98
Translation: [161.05, 87.19, 903.40]

Error Analysis:
Rotation Error (degrees):
Roll (X): -1.18
Pitch (Y): 0.39
Yaw (Z): 3.81
Total Rotation Error Euler: 4.00
Total Rotation Error Matrix: 4.25
Translation Error Vector [x, y, z]: [-3.34, 4.26, -11.11] mm
Translation Error Magnitude: 12.36 mm

ADD Error Analysis:
ADD Error: 13.09
Point-wise distances: [      12.33      12.564      13.993      13.207      13.424      12.501      14.314      12.399]
Model diameter: 142.09 mm
10% threshold: 14.21 mm
Pose correct: True
Percentage of model diameter: 9.21
------------------------------
Frame 32:

Estimated Pose:
Rotation:
[   -0.68531     0.71902    -0.11559]
[    0.64604     0.52698    -0.55221]
[   -0.33614     -0.4531    -0.82566]
Roll (X): -151.24
Pitch (Y): 19.64
Yaw (Z): 136.69
Translation: [148.93, 92.26, 891.78]

Ground Truth Pose:
Rotation:
[   -0.63756     0.74694    -0.18918]
[    0.70449     0.46565    -0.53575]
[   -0.31202    -0.47482    -0.82303]
Euler Angles (xyz, degrees):
Roll (X): -150.02
Pitch (Y): 18.18
Yaw (Z): 132.14
Translation: [151.94, 88.20, 900.10]

Error Analysis:
Rotation Error (degrees):
Roll (X): -1.23
Pitch (Y): 1.46
Yaw (Z): 4.55
Total Rotation Error Euler: 4.93
Total Rotation Error Matrix: 5.20
Translation Error Vector [x, y, z]: [-3.01, 4.06, -8.31] mm
Translation Error Magnitude: 9.73 mm

ADD Error Analysis:
ADD Error: 11.00
Point-wise distances: [     9.9878      9.5075      12.726      10.399      12.232      10.277      13.385      9.5248]
Model diameter: 142.09 mm
10% threshold: 14.21 mm
Pose correct: True
Percentage of model diameter: 7.75
------------------------------
Frame 33:

Estimated Pose:
Rotation:
[   -0.58591     0.80599   -0.084154]
[     0.7257     0.47565    -0.49711]
[   -0.36064    -0.35233     -0.8636]
Roll (X): -157.81
Pitch (Y): 21.14
Yaw (Z): 128.92
Translation: [103.91, 103.84, 866.64]

Ground Truth Pose:
Rotation:
[   -0.49577     0.85408      -0.158]
[    0.79892     0.37705    -0.46875]
[   -0.34071    -0.35859     -0.8692]
Euler Angles (xyz, degrees):
Roll (X): -157.58
Pitch (Y): 19.92
Yaw (Z): 121.82
Translation: [106.00, 99.08, 879.42]

Error Analysis:
Rotation Error (degrees):
Roll (X): -0.22
Pitch (Y): 1.22
Yaw (Z): 7.10
Total Rotation Error Euler: 7.20
Total Rotation Error Matrix: 7.22
Translation Error Vector [x, y, z]: [-2.09, 4.76, -12.79] mm
Translation Error Magnitude: 13.80 mm

ADD Error Analysis:
ADD Error: 15.44
Point-wise distances: [     13.495      13.908       17.91      15.562      15.713      13.889      18.712      14.362]
Model diameter: 142.09 mm
10% threshold: 14.21 mm
Pose correct: True
Percentage of model diameter: 10.87
------------------------------
Frame 34:

Estimated Pose:
Rotation:
[   -0.55501     0.83178    0.010049]
[    0.72785     0.49143    -0.47825]
[   -0.40274    -0.25812    -0.87816]
Roll (X): -163.62
Pitch (Y): 23.75
Yaw (Z): 127.33
Translation: [42.78, 142.45, 909.47]

Ground Truth Pose:
Rotation:
[   -0.48172     0.87371   -0.069176]
[    0.79217     0.40028    -0.46088]
[   -0.37492    -0.27679    -0.88487]
Euler Angles (xyz, degrees):
Roll (X): -162.63
Pitch (Y): 22.02
Yaw (Z): 121.30
Translation: [44.22, 140.11, 932.35]

Error Analysis:
Rotation Error (degrees):
Roll (X): -0.99
Pitch (Y): 1.73
Yaw (Z): 6.02
Total Rotation Error Euler: 6.35
Total Rotation Error Matrix: 6.63
Translation Error Vector [x, y, z]: [-1.45, 2.34, -22.88] mm
Translation Error Magnitude: 23.05 mm

ADD Error Analysis:
ADD Error: 23.96
Point-wise distances: [     22.959      23.203      23.597      22.362      25.889      24.773      25.711      23.161]
Model diameter: 142.09 mm
10% threshold: 14.21 mm
Pose correct: False
Percentage of model diameter: 16.86
------------------------------
Frame 35:

Estimated Pose:
Rotation:
[   -0.58491     0.81099   -0.012756]
[    0.72036     0.51219     -0.4677]
[   -0.37277    -0.28275     -0.8838]
Roll (X): -162.26
Pitch (Y): 21.89
Yaw (Z): 129.08
Translation: [38.95, 140.43, 931.36]

Ground Truth Pose:
Rotation:
[   -0.48601     0.87152   -0.066654]
[     0.7964     0.41012    -0.44464]
[   -0.36012    -0.26916    -0.89333]
Euler Angles (xyz, degrees):
Roll (X): -163.23
Pitch (Y): 21.11
Yaw (Z): 121.39
Translation: [40.11, 137.38, 949.60]

Error Analysis:
Rotation Error (degrees):
Roll (X): 0.97
Pitch (Y): 0.78
Yaw (Z): 7.68
Total Rotation Error Euler: 7.78
Total Rotation Error Matrix: 7.36
Translation Error Vector [x, y, z]: [-1.16, 3.05, -18.25] mm
Translation Error Magnitude: 18.54 mm

ADD Error Analysis:
ADD Error: 19.82
Point-wise distances: [     18.105      18.387      21.812      20.106      19.499      18.414      22.569      19.657]
Model diameter: 142.09 mm
10% threshold: 14.21 mm
Pose correct: False
Percentage of model diameter: 13.95
------------------------------
Frame 36:

Estimated Pose:
Rotation:
[   -0.74419     0.66743   -0.026789]
[    0.61592     0.67012    -0.41422]
[   -0.25852    -0.32476    -0.90978]
Roll (X): -160.36
Pitch (Y): 14.98
Yaw (Z): 140.39
Translation: [14.22, 168.24, 929.51]

Ground Truth Pose:
Rotation:
[   -0.66645     0.74013   -0.090747]
[    0.69767     0.57599    -0.42622]
[   -0.26314    -0.34734    -0.90016]
Euler Angles (xyz, degrees):
Roll (X): -158.90
Pitch (Y): 15.26
Yaw (Z): 133.69
Translation: [16.53, 167.11, 953.59]

Error Analysis:
Rotation Error (degrees):
Roll (X): -1.46
Pitch (Y): -0.27
Yaw (Z): 6.70
Total Rotation Error Euler: 6.86
Total Rotation Error Matrix: 7.16
Translation Error Vector [x, y, z]: [-2.31, 1.13, -24.08] mm
Translation Error Magnitude: 24.22 mm

ADD Error Analysis:
ADD Error: 25.21
Point-wise distances: [     24.699      26.387      24.622      25.284       25.68      25.734      25.156      24.133]
Model diameter: 142.09 mm
10% threshold: 14.21 mm
Pose correct: False
Percentage of model diameter: 17.74
------------------------------
Frame 37:

Estimated Pose:
Rotation:
[   -0.75798      0.6518   -0.024816]
[    0.60937     0.69405    -0.38336]
[   -0.23265     -0.3057    -0.92327]
Roll (X): -161.68
Pitch (Y): 13.45
Yaw (Z): 141.20
Translation: [-9.81, 176.86, 920.69]

Ground Truth Pose:
Rotation:
[   -0.70917     0.69945    -0.08967]
[    0.67105     0.63032    -0.39059]
[   -0.21664    -0.33715    -0.91629]
Euler Angles (xyz, degrees):
Roll (X): -159.80
Pitch (Y): 12.51
Yaw (Z): 136.58
Translation: [-7.68, 176.82, 949.34]

Error Analysis:
Rotation Error (degrees):
Roll (X): -1.88
Pitch (Y): 0.94
Yaw (Z): 4.62
Total Rotation Error Euler: 5.08
Total Rotation Error Matrix: 5.36
Translation Error Vector [x, y, z]: [-2.13, 0.04, -28.66] mm
Translation Error Magnitude: 28.74 mm

ADD Error Analysis:
ADD Error: 29.21
Point-wise distances: [     28.988      29.938      27.373      27.654      31.016      31.134      29.089      28.512]
Model diameter: 142.09 mm
10% threshold: 14.21 mm
Pose correct: False
Percentage of model diameter: 20.56
------------------------------
Frame 38:

Estimated Pose:
Rotation:
