Pose Errors for obj_000008
==================================================

Frame 0 (000000.json):

Estimated Pose:
Rotation:
[    0.23116      0.9711   -0.059353]
[    0.70112    -0.20857    -0.68186]
[   -0.67453       0.116    -0.72907]
Roll (X): 170.96
Pitch (Y): 42.42
Yaw (Z): 71.75
Translation: [0.10, -0.14, 0.98]

Ground Truth Pose:
Rotation:
[    0.29413     0.95669   -0.013495]
[    0.67532    -0.21757    -0.70606]
[   -0.67777     0.19826     -0.7094]
Euler Angles (xyz, degrees):
Roll (X): 164.39
Pitch (Y): 42.63
Yaw (Z): 66.49
Translation: [117.82, -138.15, 1069.61]

Error Analysis:
Rotation Error (degrees):
Roll (X): 6.57
Pitch (Y): -0.21
Yaw (Z): 5.26
Total Rotation Error Euler: 8.42
Total Rotation Error Matrix: 3.84
Translation Error Vector [x, y, z]: [-117.72, 138.02, -1068.63] mm
Translation Error Magnitude: 1083.91 mm

ADD Error Analysis:
ADD Error: 1083.95
Point-wise distances: [     1083.9        1087      1084.8      1081.7      1079.5      1086.5      1082.6      1084.2      1085.3]
Model diameter: 260.70 mm
10% threshold: 26.07 mm
Pose correct: False
Percentage of model diameter: 415.79
------------------------------
Frame 1 (000001.json):

Estimated Pose:
Rotation:
[    0.25544     0.96358   -0.079192]
[    0.66834    -0.23518     -0.7057]
[   -0.69862     0.12734    -0.70407]
Roll (X): 169.75
Pitch (Y): 44.32
Yaw (Z): 69.08
Translation: [0.07, -0.08, 0.99]

Ground Truth Pose:
Rotation:
[    0.33505     0.94274    0.030519]
[    0.71256    -0.23174    -0.66367]
[     -0.618     0.24377     -0.7487]
Euler Angles (xyz, degrees):
Roll (X): 161.96
Pitch (Y): 38.14
Yaw (Z): 64.84
Translation: [73.78, -81.65, 1063.64]

Error Analysis:
Rotation Error (degrees):
Roll (X): 7.78
Pitch (Y): 6.18
Yaw (Z): 4.24
Total Rotation Error Euler: 10.81
Total Rotation Error Matrix: 7.99
Translation Error Vector [x, y, z]: [-73.71, 81.57, -1062.64] mm
Translation Error Magnitude: 1068.31 mm

ADD Error Analysis:
ADD Error: 1067.97
Point-wise distances: [     1068.3      1073.7      1056.7      1068.6        1073      1064.8      1059.1      1076.8      1070.6]
Model diameter: 260.70 mm
10% threshold: 26.07 mm
Pose correct: False
Percentage of model diameter: 409.66
------------------------------
Frame 2 (000002.json):

Estimated Pose:
Rotation:
[    0.32477     0.94572    0.012082]
[    0.55526    -0.18031    -0.81189]
[   -0.76564     0.27038    -0.58368]
Roll (X): 155.14
Pitch (Y): 49.96
Yaw (Z): 59.68
Translation: [0.08, -0.09, 1.05]

Ground Truth Pose:
Rotation:
[    0.34951     0.93769    0.023135]
[    0.75535    -0.26671    -0.60018]
[   -0.55608     0.22693    -0.80074]
Euler Angles (xyz, degrees):
Roll (X): 164.18
Pitch (Y): 33.76
Yaw (Z): 65.19
Translation: [81.09, -82.63, 1062.07]

Error Analysis:
Rotation Error (degrees):
Roll (X): -9.03
Pitch (Y): 16.21
Yaw (Z): -5.51
Total Rotation Error Euler: 19.36
Total Rotation Error Matrix: 17.27
Translation Error Vector [x, y, z]: [-81.01, 82.54, -1061.02] mm
Translation Error Magnitude: 1067.31 mm

ADD Error Analysis:
ADD Error: 1066.33
Point-wise distances: [     1067.3        1069      1031.5      1078.5      1099.6      1046.3      1047.7      1089.6      1067.6]
Model diameter: 260.70 mm
10% threshold: 26.07 mm
Pose correct: False
Percentage of model diameter: 409.03
------------------------------
Frame 3 (000003.json):

Estimated Pose:
Rotation:
[    0.39767     0.91329    0.088151]
[    0.46225    -0.11643    -0.87907]
[   -0.79258     0.39033    -0.46846]
Roll (X): 140.20
Pitch (Y): 52.43
Yaw (Z): 49.30
Translation: [0.10, -0.10, 1.01]

Ground Truth Pose:
Rotation:
[    0.43225     0.90169   -0.045641]
[    0.78624    -0.40077    -0.47233]
[   -0.44377     0.16802    -0.88134]
Euler Angles (xyz, degrees):
Roll (X): 169.21
Pitch (Y): 26.32
Yaw (Z): 61.22
Translation: [102.12, -88.98, 1033.77]

Error Analysis:
Rotation Error (degrees):
Roll (X): -29.01
Pitch (Y): 26.10
Yaw (Z): -11.92
Total Rotation Error Euler: 40.80
Total Rotation Error Matrix: 34.57
Translation Error Vector [x, y, z]: [-102.02, 88.88, -1032.76] mm
Translation Error Magnitude: 1041.59 mm

ADD Error Analysis:
ADD Error: 1040.22
Point-wise distances: [     1041.6      1039.2      977.82      1067.1      1105.8      1000.3      1009.4      1081.4      1039.5]
Model diameter: 260.70 mm
10% threshold: 26.07 mm
Pose correct: False
Percentage of model diameter: 399.01
------------------------------
Frame 4 (000004.json):

Estimated Pose:
Rotation:
[    0.42067     0.90721  -0.0014379]
[     0.4372    -0.20411     -0.8759]
[   -0.79492     0.36783     -0.4825]
Roll (X): 142.68
Pitch (Y): 52.65
Yaw (Z): 46.10
Translation: [0.00, -0.04, 0.99]

Ground Truth Pose:
Rotation:
[    0.43903     0.89845    0.044942]
[    0.79492    -0.36403    -0.48731]
[   -0.42106     0.24933    -0.87318]
Euler Angles (xyz, degrees):
Roll (X): 164.06
Pitch (Y): 24.88
Yaw (Z): 61.11
Translation: [5.58, -31.46, 995.14]

Error Analysis:
Rotation Error (degrees):
Roll (X): -21.38
Pitch (Y): 27.76
Yaw (Z): -15.00
Total Rotation Error Euler: 38.12
Total Rotation Error Matrix: 32.00
Translation Error Vector [x, y, z]: [-5.58, 31.42, -994.15] mm
Translation Error Magnitude: 994.66 mm

ADD Error Analysis:
ADD Error: 993.56
Point-wise distances: [     994.66      1001.9      929.69      1013.1      1053.1      959.12      961.04      1032.2       997.2]
Model diameter: 260.70 mm
10% threshold: 26.07 mm
Pose correct: False
Percentage of model diameter: 381.11
------------------------------
Frame 5 (000005.json):

Estimated Pose:
Rotation:
[    0.31726     0.94825   -0.012623]
[    0.35449    -0.13093    -0.92585]
[   -0.87959     0.28926    -0.37768]
Roll (X): 142.55
Pitch (Y): 61.59
Yaw (Z): 48.17
Translation: [-0.00, -0.08, 0.93]

Ground Truth Pose:
Rotation:
[    0.34177      0.9388    0.061647]
[    0.87822    -0.29477     -0.3791]
[   -0.33741     0.18344    -0.92435]
Euler Angles (xyz, degrees):
Roll (X): 168.77
Pitch (Y): 19.70
Yaw (Z): 68.76
Translation: [-3.03, -70.56, 949.43]

Error Analysis:
Rotation Error (degrees):
Roll (X): -26.22
Pitch (Y): 41.89
Yaw (Z): -20.59
Total Rotation Error Euler: 53.54
Total Rotation Error Matrix: 45.66
Translation Error Vector [x, y, z]: [3.03, 70.48, -948.50] mm
Translation Error Magnitude: 951.12 mm

ADD Error Analysis:
ADD Error: 949.86
Point-wise distances: [     951.13      960.54      859.77       981.5      1033.4      899.35      901.01      1008.5       953.6]
Model diameter: 260.70 mm
10% threshold: 26.07 mm
Pose correct: False
Percentage of model diameter: 364.35
------------------------------
Frame 6 (000006.json):

Estimated Pose:
Rotation:
[    0.30349     0.95222   -0.034234]
[    0.35954    -0.14772    -0.92136]
[    -0.8824     0.26731    -0.38719]
Roll (X): 145.38
Pitch (Y): 61.93
Yaw (Z): 49.83
Translation: [-0.03, -0.05, 0.95]

Ground Truth Pose:
Rotation:
[    0.33142     0.94041     0.08809]
[    0.87695    -0.27165    -0.39882]
[   -0.35078     0.20914    -0.91385]
Euler Angles (xyz, degrees):
Roll (X): 167.11
Pitch (Y): 20.52
Yaw (Z): 69.32
Translation: [-28.65, -39.91, 990.69]

Error Analysis:
Rotation Error (degrees):
Roll (X): -21.73
Pitch (Y): 41.41
Yaw (Z): -19.49
Total Rotation Error Euler: 50.66
Total Rotation Error Matrix: 44.14
Translation Error Vector [x, y, z]: [28.62, 39.86, -989.74] mm
Translation Error Magnitude: 990.96 mm

ADD Error Analysis:
ADD Error: 989.71
Point-wise distances: [     990.96      1003.8      900.81      1017.5        1069      942.61      941.19      1046.3      995.24]
Model diameter: 260.70 mm
10% threshold: 26.07 mm
Pose correct: False
Percentage of model diameter: 379.64
------------------------------
Frame 7 (000007.json):

Estimated Pose:
Rotation:
[    0.33822     0.93894   -0.063256]
[    0.34396    -0.18591     -0.9204]
[   -0.87595     0.28954    -0.38584]
Roll (X): 143.11
Pitch (Y): 61.16
Yaw (Z): 45.48
Translation: [-0.04, -0.04, 1.01]

Ground Truth Pose:
Rotation:
[     0.3559     0.92919     0.10916]
[    0.87459    -0.28891    -0.39181]
[    -0.3322      0.2346    -0.91461]
Euler Angles (xyz, degrees):
Roll (X): 165.61
Pitch (Y): 19.39
Yaw (Z): 67.88
Translation: [-43.92, -22.36, 1017.13]

Error Analysis:
Rotation Error (degrees):
Roll (X): -22.50
Pitch (Y): 41.77
Yaw (Z): -22.40
Total Rotation Error Euler: 52.46
Total Rotation Error Matrix: 45.05
Translation Error Vector [x, y, z]: [43.87, 22.32, -1016.12] mm
Translation Error Magnitude: 1017.31 mm

ADD Error Analysis:
ADD Error: 1016.16
Point-wise distances: [     1017.3      1032.9      924.97      1042.3        1096      969.63      966.83      1072.5        1023]
Model diameter: 260.70 mm
10% threshold: 26.07 mm
Pose correct: False
Percentage of model diameter: 389.79
------------------------------
Frame 8 (000008.json):

Estimated Pose:
Rotation:
[    0.44223     0.89164    -0.09703]
[    0.22778    -0.21629    -0.94939]
[    -0.8675     0.39775    -0.29874]
Roll (X): 126.91
Pitch (Y): 60.17
Yaw (Z): 27.25
Translation: [-0.08, 0.01, 1.02]

Ground Truth Pose:
Rotation:
[    0.46235     0.87981     0.11901]
[    0.86144    -0.41207    -0.29999]
[   -0.21468     0.24091    -0.94752]
Euler Angles (xyz, degrees):
Roll (X): 165.73
Pitch (Y): 12.39
Yaw (Z): 61.80
Translation: [-71.93, 22.59, 1015.11]

Error Analysis:
Rotation Error (degrees):
Roll (X): -38.82
Pitch (Y): 47.78
Yaw (Z): -34.54
Total Rotation Error Euler: 70.59
Total Rotation Error Matrix: 56.20
Translation Error Vector [x, y, z]: [71.85, -22.58, -1014.09] mm
Translation Error Magnitude: 1016.88 mm

ADD Error Analysis:
ADD Error: 1016.34
Point-wise distances: [     1016.9      1041.3       903.5      1044.4      1114.2      961.98      958.77      1079.6      1026.5]
Model diameter: 260.70 mm
10% threshold: 26.07 mm
Pose correct: False
Percentage of model diameter: 389.85
------------------------------
Frame 9 (000009.json):

Estimated Pose:
Rotation:
[    0.36181     0.93215    0.013642]
[     0.2598   -0.086765    -0.96176]
[   -0.89532     0.35152    -0.27356]
Roll (X): 127.89
Pitch (Y): 63.55
Yaw (Z): 35.68
Translation: [-0.06, 0.02, 0.94]

Ground Truth Pose:
Rotation:
[     0.3956     0.91651    0.074042]
[    0.90167    -0.37083    -0.22659]
[   -0.18005     0.15617    -0.97217]
Euler Angles (xyz, degrees):
Roll (X): 170.87
Pitch (Y): 10.36
Yaw (Z): 66.33
Translation: [-58.27, 25.20, 991.01]

Error Analysis:
Rotation Error (degrees):
Roll (X): -42.98
Pitch (Y): 53.18
Yaw (Z): -30.65
Total Rotation Error Euler: 74.94
Total Rotation Error Matrix: 61.16
Translation Error Vector [x, y, z]: [58.22, -25.18, -990.07] mm
Translation Error Magnitude: 992.10 mm

ADD Error Analysis:
ADD Error: 991.97
Point-wise distances: [      992.1      1021.9      869.31      1019.7      1096.7      935.28      930.84      1057.6      1004.2]
Model diameter: 260.70 mm
10% threshold: 26.07 mm
Pose correct: False
Percentage of model diameter: 380.50
------------------------------
Frame 10 (000010.json):

Estimated Pose:
Rotation:
[    0.35702     0.93339    -0.03624]
[    0.23409    -0.12696    -0.96389]
[   -0.90429     0.33564    -0.26383]
Roll (X): 128.17
Pitch (Y): 64.73
Yaw (Z): 33.25
Translation: [-0.05, 0.00, 0.99]

Ground Truth Pose:
Rotation:
[    0.38913     0.91865    0.081485]
[    0.89729    -0.35663    -0.26376]
[   -0.21304      0.1755    -0.96215]
Euler Angles (xyz, degrees):
Roll (X): 169.66
Pitch (Y): 12.29
Yaw (Z): 66.58
Translation: [-53.99, 10.95, 998.91]

Error Analysis:
Rotation Error (degrees):
Roll (X): -41.49
Pitch (Y): 52.44
Yaw (Z): -33.32
Total Rotation Error Euler: 74.71
Total Rotation Error Matrix: 59.72
Translation Error Vector [x, y, z]: [53.93, -10.95, -997.92] mm
Translation Error Magnitude: 999.43 mm

ADD Error Analysis:
ADD Error: 998.93
Point-wise distances: [     999.44      1024.1      879.58      1030.5      1102.9      940.36      937.42      1067.2      1008.8]
Model diameter: 260.70 mm
10% threshold: 26.07 mm
Pose correct: False
Percentage of model diameter: 383.17
------------------------------

Summary Statistics
==================================================
Number of frames processed: 11
Number of failed frames: 0
Failed frames: []
Average translation error: 1020.33 +- 38.81 mm
Average rotation error euler: 44.95 +- 23.01 degrees
Average rotation error mat: 37.06 +- 19.12 degrees
Average ADD error: 1019.55 +- 39.01
Number of correct poses: 0
