Pose Errors for obj_000005
==================================================

Frame 0:

Estimated Pose:
Rotation:
[    0.90542      0.4242    0.016102]
[     0.3183    -0.65331    -0.68693]
[   -0.28088     0.62709    -0.72655]
Roll (X): 139.20
Pitch (Y): 16.31
Yaw (Z): 19.37
Translation: [128.60, -12.09, 983.28]

Ground Truth Pose:
Rotation:
[    0.89422     0.44576   -0.041793]
[    0.29322    -0.65362    -0.69775]
[   -0.33833     0.61167    -0.71516]
Euler Angles (xyz, degrees):
Roll (X): 139.46
Pitch (Y): 19.78
Yaw (Z): 18.15
Translation: [127.17, -25.74, 963.63]

Error Analysis:
Rotation Error (degrees):
Roll (X): -0.26
Pitch (Y): -3.46
Yaw (Z): 1.21
Total Rotation Error Euler: 3.68
Total Rotation Error Matrix: 3.66
Translation Error Vector [x, y, z]: [1.42, 13.65, 19.65] mm
Translation Error Magnitude: 23.96 mm

ADD Error Analysis:
ADD Error: 24.62
Point-wise distances: [     23.966      25.884      24.504        23.3      25.623      22.383      21.553      27.224      27.138]
Model diameter: 197.63 mm
10% threshold: 19.76 mm
Pose correct: False
Percentage of model diameter: 12.46
------------------------------
Frame 1:

Estimated Pose:
Rotation:
[     0.9152     0.40253   -0.019308]
[    0.26469    -0.63655    -0.72439]
[   -0.30388     0.65785    -0.68912]
Roll (X): 136.33
Pitch (Y): 17.69
Yaw (Z): 16.13
Translation: [90.68, 49.68, 987.18]

Ground Truth Pose:
Rotation:
[    0.91324     0.40749   0.0026264]
[    0.30951    -0.68942    -0.65495]
[   -0.26507     0.59892     -0.7557]
Euler Angles (xyz, degrees):
Roll (X): 141.60
Pitch (Y): 15.37
Yaw (Z): 18.72
Translation: [89.60, 36.70, 965.14]

Error Analysis:
Rotation Error (degrees):
Roll (X): -5.27
Pitch (Y): 2.32
Yaw (Z): -2.59
Total Rotation Error Euler: 6.32
Total Rotation Error Matrix: 5.64
Translation Error Vector [x, y, z]: [1.08, 12.98, 22.04] mm
Translation Error Magnitude: 25.60 mm

ADD Error Analysis:
ADD Error: 26.21
Point-wise distances: [     25.599      29.177      30.256      22.558      32.065      19.215      29.099      22.377      25.533]
Model diameter: 197.63 mm
10% threshold: 19.76 mm
Pose correct: False
Percentage of model diameter: 13.26
------------------------------
Frame 2:

Estimated Pose:
Rotation:
[    0.92225      0.3863    -0.01515]
[    0.23319    -0.58712    -0.77519]
[   -0.30835     0.71138    -0.63155]
Roll (X): 131.60
Pitch (Y): 17.96
Yaw (Z): 14.19
Translation: [100.02, 53.98, 997.12]

Ground Truth Pose:
Rotation:
[     0.9194     0.39339  -0.0045791]
[    0.31501    -0.74309    -0.59046]
[   -0.23567      0.5414    -0.80709]
Euler Angles (xyz, degrees):
Roll (X): 146.15
Pitch (Y): 13.63
Yaw (Z): 18.91
Translation: [99.30, 43.15, 973.71]

Error Analysis:
Rotation Error (degrees):
Roll (X): -14.55
Pitch (Y): 4.33
Yaw (Z): -4.72
Total Rotation Error Euler: 15.90
Total Rotation Error Matrix: 14.65
Translation Error Vector [x, y, z]: [0.71, 10.84, 23.40] mm
Translation Error Magnitude: 25.80 mm

ADD Error Analysis:
ADD Error: 30.00
Point-wise distances: [     25.796      39.716      43.094      21.466       44.97      9.1066      34.088      21.081      30.723]
Model diameter: 197.63 mm
10% threshold: 19.76 mm
Pose correct: False
Percentage of model diameter: 15.18
------------------------------
Frame 3:

Estimated Pose:
Rotation:
[    0.95519     0.29298    0.042016]
[    0.17684     -0.4511    -0.87478]
[   -0.23734     0.84301     -0.4827]
Roll (X): 119.80
Pitch (Y): 13.73
Yaw (Z): 10.49
Translation: [134.28, 51.90, 980.88]

Ground Truth Pose:
Rotation:
[    0.94893     0.30726   -0.072081]
[    0.24201    -0.85502    -0.45873]
[   -0.20257     0.41784    -0.88568]
Euler Angles (xyz, degrees):
Roll (X): 154.74
Pitch (Y): 11.69
Yaw (Z): 14.31
Translation: [134.37, 45.77, 964.78]

Error Analysis:
Rotation Error (degrees):
Roll (X): -34.95
Pitch (Y): 2.04
Yaw (Z): -3.82
Total Rotation Error Euler: 35.22
Total Rotation Error Matrix: 34.36
Translation Error Vector [x, y, z]: [-0.09, 6.13, 16.10] mm
Translation Error Magnitude: 17.23 mm

ADD Error Analysis:
ADD Error: 46.66
Point-wise distances: [     17.222      68.744      67.912      45.976      68.667      37.028      40.049      32.462      41.888]
Model diameter: 197.63 mm
10% threshold: 19.76 mm
Pose correct: False
Percentage of model diameter: 23.61
------------------------------
Frame 4:

Estimated Pose:
Rotation:
[    0.95816      0.2848   -0.028595]
[    0.12166    -0.49564    -0.85997]
[   -0.25909     0.82051    -0.50955]
Roll (X): 121.84
Pitch (Y): 15.02
Yaw (Z): 7.24
Translation: [38.29, 111.51, 951.90]

Ground Truth Pose:
Rotation:
[    0.95315     0.30207     0.01848]
[    0.27425    -0.83632    -0.47478]
[   -0.12795     0.45758    -0.87994]
Euler Angles (xyz, degrees):
Roll (X): 152.52
Pitch (Y): 7.35
Yaw (Z): 16.05
Translation: [38.57, 103.32, 926.56]

Error Analysis:
Rotation Error (degrees):
Roll (X): -30.68
Pitch (Y): 7.66
Yaw (Z): -8.82
Total Rotation Error Euler: 32.83
Total Rotation Error Matrix: 31.13
Translation Error Vector [x, y, z]: [-0.29, 8.19, 25.34] mm
Translation Error Magnitude: 26.63 mm

ADD Error Analysis:
ADD Error: 44.84
Point-wise distances: [     26.626      63.575      70.727      36.174      68.013      21.911       46.01      26.245      44.272]
Model diameter: 197.63 mm
10% threshold: 19.76 mm
Pose correct: False
Percentage of model diameter: 22.69
------------------------------
Frame 5:

Estimated Pose:
Rotation:
[    0.92746     0.36594   -0.076836]
[    0.08488    -0.40617    -0.90985]
[   -0.36416     0.83733    -0.40777]
Roll (X): 115.97
Pitch (Y): 21.36
Yaw (Z): 5.23
Translation: [13.58, 77.63, 925.45]

Ground Truth Pose:
Rotation:
[    0.91567     0.40058    0.033837]
[    0.38398    -0.84657    -0.36869]
[   -0.11904     0.35058    -0.92897]
Euler Angles (xyz, degrees):
Roll (X): 159.32
Pitch (Y): 6.84
Yaw (Z): 22.75
Translation: [13.81, 73.74, 896.04]

Error Analysis:
Rotation Error (degrees):
Roll (X): -43.36
Pitch (Y): 14.52
Yaw (Z): -17.52
Total Rotation Error Euler: 48.97
Total Rotation Error Matrix: 44.73
Translation Error Vector [x, y, z]: [-0.22, 3.89, 29.40] mm
Translation Error Magnitude: 29.66 mm

ADD Error Analysis:
ADD Error: 57.85
Point-wise distances: [     29.651      78.804        97.1       50.55      81.497       35.08      59.557      29.173      59.222]
Model diameter: 197.63 mm
10% threshold: 19.76 mm
Pose correct: False
Percentage of model diameter: 29.27
------------------------------
Frame 6:

Estimated Pose:
Rotation:
[    0.91843     0.38362   -0.096505]
[   0.086763    -0.43338    -0.89703]
[   -0.38594     0.81549    -0.43131]
Roll (X): 117.87
Pitch (Y): 22.70
Yaw (Z): 5.40
Translation: [-13.88, 110.11, 973.13]

Ground Truth Pose:
Rotation:
[    0.91025     0.40975    0.060183]
[    0.39942    -0.83015    -0.38908]
[   -0.10946     0.37818    -0.91927]
Euler Angles (xyz, degrees):
Roll (X): 157.64
Pitch (Y): 6.28
Yaw (Z): 23.69
Translation: [-13.54, 103.44, 934.31]

Error Analysis:
Rotation Error (degrees):
Roll (X): -39.76
Pitch (Y): 16.42
Yaw (Z): -18.30
Total Rotation Error Euler: 46.75
Total Rotation Error Matrix: 42.36
Translation Error Vector [x, y, z]: [-0.34, 6.67, 38.81] mm
Translation Error Magnitude: 39.38 mm

ADD Error Analysis:
ADD Error: 58.70
Point-wise distances: [     39.372      77.797      100.73      44.669      84.702      26.005      65.513      26.695      62.796]
Model diameter: 197.63 mm
10% threshold: 19.76 mm
Pose correct: False
Percentage of model diameter: 29.70
------------------------------
Frame 7:

Estimated Pose:
Rotation:
[    0.92914     0.35745   -0.094476]
[   0.073693    -0.42945    -0.90008]
[   -0.36231     0.82934    -0.42536]
Roll (X): 117.15
Pitch (Y): 21.24
Yaw (Z): 4.53
Translation: [-26.54, 125.59, 986.18]

Ground Truth Pose:
Rotation:
[    0.91944     0.38476    0.081592]
[    0.38545    -0.84018    -0.38156]
[  -0.078252     0.38226    -0.92077]
Euler Angles (xyz, degrees):
Roll (X): 157.45
Pitch (Y): 4.49
Yaw (Z): 22.74
Translation: [-24.81, 121.24, 962.62]

Error Analysis:
Rotation Error (degrees):
Roll (X): -40.30
Pitch (Y): 16.75
Yaw (Z): -18.21
Total Rotation Error Euler: 47.29
Total Rotation Error Matrix: 43.37
Translation Error Vector [x, y, z]: [-1.73, 4.35, 23.56] mm
Translation Error Magnitude: 24.03 mm

ADD Error Analysis:
ADD Error: 54.40
Point-wise distances: [     24.014      76.095      89.679       52.47      72.428      32.693      58.159       32.06      51.963]
Model diameter: 197.63 mm
10% threshold: 19.76 mm
Pose correct: False
Percentage of model diameter: 27.52
------------------------------
Frame 8:

Estimated Pose:
Rotation:
[    0.96164     0.25091     -0.1109]
[ -0.0083557    -0.37727    -0.92607]
[    -0.2742     0.89146     -0.3607]
Roll (X): 112.03
Pitch (Y): 15.91
Yaw (Z): -0.50
Translation: [-39.13, 171.62, 1009.36]

Ground Truth Pose:
Rotation:
[    0.95727     0.27394    0.093033]
[    0.28924     -0.9135     -0.2862]
[  0.0065845     0.30087    -0.95367]
Euler Angles (xyz, degrees):
Roll (X): 162.49
Pitch (Y): -0.38
Yaw (Z): 16.81
Translation: [-35.07, 168.31, 978.16]

Error Analysis:
Rotation Error (degrees):
Roll (X): -50.46
Pitch (Y): 16.29
Yaw (Z): -17.31
Total Rotation Error Euler: 55.78
Total Rotation Error Matrix: 53.25
Translation Error Vector [x, y, z]: [-4.06, 3.31, 31.20] mm
Translation Error Magnitude: 31.64 mm

ADD Error Analysis:
ADD Error: 67.64
Point-wise distances: [     31.623      93.562      112.15      60.081      95.219       46.35      66.233      36.603       66.98]
Model diameter: 197.63 mm
10% threshold: 19.76 mm
Pose correct: False
Percentage of model diameter: 34.23
------------------------------
Frame 9:

Estimated Pose:
Rotation:
[    0.94716      0.3197   -0.026075]
[   0.063375    -0.26621    -0.96183]
[   -0.31444     0.90935     -0.2724]
Roll (X): 106.68
Pitch (Y): 18.33
Yaw (Z): 3.83
Translation: [-35.92, 183.77, 1037.96]

Ground Truth Pose:
Rotation:
[    0.93689     0.34655    0.046947]
[    0.34831    -0.91264    -0.21409]
[  -0.031345     0.21692    -0.97571]
Euler Angles (xyz, degrees):
Roll (X): 167.47
Pitch (Y): 1.80
Yaw (Z): 20.39
Translation: [-32.59, 175.14, 962.46]

Error Analysis:
Rotation Error (degrees):
Roll (X): -60.79
Pitch (Y): 16.53
Yaw (Z): -16.57
Total Rotation Error Euler: 65.14
Total Rotation Error Matrix: 61.94
Translation Error Vector [x, y, z]: [-3.33, 8.63, 75.50] mm
Translation Error Magnitude: 76.07 mm

ADD Error Analysis:
ADD Error: 96.17
Point-wise distances: [     76.053      122.19      163.14      51.562      148.14      49.196      96.615      47.554      111.04]
Model diameter: 197.63 mm
10% threshold: 19.76 mm
Pose correct: False
Percentage of model diameter: 48.66
------------------------------
Frame 10:

Estimated Pose:
Rotation:
[    0.94347     0.32966   -0.034342]
[   0.072617    -0.30669    -0.94904]
[   -0.32339      0.8929    -0.31329]
Roll (X): 109.33
Pitch (Y): 18.87
Yaw (Z): 4.40
Translation: [-29.96, 164.06, 1009.14]

Ground Truth Pose:
Rotation:
[    0.93414     0.35286    0.054308]
[    0.35478    -0.90048    -0.25163]
[  -0.039886     0.25432    -0.96633]
Euler Angles (xyz, degrees):
Roll (X): 165.26
Pitch (Y): 2.29
Yaw (Z): 20.80
Translation: [-29.38, 159.88, 964.65]

Error Analysis:
Rotation Error (degrees):
Roll (X): -55.92
Pitch (Y): 16.58
Yaw (Z): -16.40
Total Rotation Error Euler: 60.59
Total Rotation Error Matrix: 57.34
Translation Error Vector [x, y, z]: [-0.57, 4.18, 44.49] mm
Translation Error Magnitude: 44.69 mm

ADD Error Analysis:
ADD Error: 76.29
Point-wise distances: [     44.678      103.22      129.36      57.103      112.93       47.66      74.045      37.273      80.319]
Model diameter: 197.63 mm
10% threshold: 19.76 mm
Pose correct: False
Percentage of model diameter: 38.60
------------------------------
Frame 11:

Estimated Pose:
Rotation:
[    0.85688      0.5151   -0.020554]
[    0.25818    -0.46331    -0.84775]
[    -0.4462     0.72112    -0.52999]
Roll (X): 126.31
Pitch (Y): 26.50
Yaw (Z): 16.77
Translation: [0.71, 147.64, 961.16]

Ground Truth Pose:
Rotation:
[    0.84056     0.54176   0.0056073]
[    0.46916    -0.72266    -0.50766]
[   -0.27097     0.42933    -0.86157]
Euler Angles (xyz, degrees):
Roll (X): 153.51
Pitch (Y): 15.72
Yaw (Z): 29.17
Translation: [-1.17, 139.38, 935.69]

Error Analysis:
Rotation Error (degrees):
Roll (X): -27.20
Pitch (Y): 10.78
Yaw (Z): -12.40
Total Rotation Error Euler: 31.78
Total Rotation Error Matrix: 27.59
Translation Error Vector [x, y, z]: [1.88, 8.26, 25.47] mm
Translation Error Magnitude: 26.84 mm

ADD Error Analysis:
ADD Error: 39.85
Point-wise distances: [     26.837      54.625      65.262      32.804      58.043      13.598       46.37      20.758      40.327]
Model diameter: 197.63 mm
10% threshold: 19.76 mm
Pose correct: False
Percentage of model diameter: 20.16
------------------------------
Frame 12:

Estimated Pose:
Rotation:
[     0.8309     0.55636   -0.007877]
[    0.34366    -0.52426    -0.77913]
[   -0.43761     0.64468    -0.62681]
Roll (X): 134.19
Pitch (Y): 25.95
Yaw (Z): 22.47
Translation: [4.25, 123.68, 968.79]

Ground Truth Pose:
Rotation:
[    0.82246     0.56886  -0.0043221]
[     0.4538    -0.66063    -0.59807]
[   -0.34307     0.48991    -0.80147]
Euler Angles (xyz, degrees):
Roll (X): 148.56
Pitch (Y): 20.06
Yaw (Z): 28.89
Translation: [2.61, 112.39, 946.29]

Error Analysis:
Rotation Error (degrees):
Roll (X): -14.37
Pitch (Y): 5.89
Yaw (Z): -6.42
Total Rotation Error Euler: 16.80
Total Rotation Error Matrix: 14.47
Translation Error Vector [x, y, z]: [1.64, 11.29, 22.50] mm
Translation Error Magnitude: 25.23 mm

ADD Error Analysis:
ADD Error: 29.20
Point-wise distances: [     25.226      38.028      41.953      22.706       42.08      9.7687       35.11      19.275      28.673]
Model diameter: 197.63 mm
10% threshold: 19.76 mm
Pose correct: False
Percentage of model diameter: 14.78
------------------------------
Frame 13:

Estimated Pose:
Rotation:
[    0.86753     0.49558    0.042209]
[    0.38847    -0.62214    -0.67973]
[    -0.3106     0.60609    -0.73225]
Roll (X): 140.39
Pitch (Y): 18.10
Yaw (Z): 24.12
Translation: [64.86, 114.08, 941.30]

Ground Truth Pose:
Rotation:
[     0.8624     0.50146   -0.069756]
[    0.31462    -0.63876    -0.70218]
[   -0.39666      0.5836    -0.70861]
Euler Angles (xyz, degrees):
Roll (X): 140.53
Pitch (Y): 23.37
Yaw (Z): 20.04
Translation: [61.65, 100.31, 919.46]

Error Analysis:
Rotation Error (degrees):
Roll (X): -0.14
Pitch (Y): -5.27
Yaw (Z): 4.08
Total Rotation Error Euler: 6.67
Total Rotation Error Matrix: 6.68
Translation Error Vector [x, y, z]: [3.21, 13.76, 21.84] mm
Translation Error Magnitude: 26.01 mm

ADD Error Analysis:
ADD Error: 27.54
Point-wise distances: [     26.016      29.913      28.724      25.345        29.3      22.444      21.793       32.03      32.268]
Model diameter: 197.63 mm
10% threshold: 19.76 mm
Pose correct: False
Percentage of model diameter: 13.93
------------------------------
Frame 14:

Estimated Pose:
Rotation:
[    0.88061     0.47062    0.055155]
[    0.40636     -0.6902    -0.59874]
[   -0.24371     0.54967    -0.79904]
Roll (X): 145.48
Pitch (Y): 14.11
Yaw (Z): 24.77
Translation: [88.27, 120.08, 920.78]

Ground Truth Pose:
Rotation:
[    0.87392     0.47669   -0.095441]
[    0.24014    -0.59398    -0.76784]
[    -0.4227     0.64808    -0.63354]
Euler Angles (xyz, degrees):
Roll (X): 134.35
Pitch (Y): 25.00
Yaw (Z): 15.36
Translation: [85.69, 104.20, 902.20]

Error Analysis:
Rotation Error (degrees):
Roll (X): 11.13
Pitch (Y): -10.90
Yaw (Z): 9.41
Total Rotation Error Euler: 18.19
Total Rotation Error Matrix: 16.12
Translation Error Vector [x, y, z]: [2.57, 15.88, 18.58] mm
Translation Error Magnitude: 24.58 mm

ADD Error Analysis:
ADD Error: 30.50
Point-wise distances: [      24.58      32.901      34.778      37.142      14.356      34.513      19.099      40.147      36.964]
Model diameter: 197.63 mm
10% threshold: 19.76 mm
Pose correct: False
Percentage of model diameter: 15.43
------------------------------
Frame 15:

Estimated Pose:
Rotation:
[    0.89308     0.44363    0.074829]
[    0.41875    -0.75887    -0.49876]
[   -0.16448     0.47676    -0.86351]
Roll (X): 151.10
Pitch (Y): 9.47
Yaw (Z): 25.12
Translation: [88.19, 142.35, 899.35]

Ground Truth Pose:
Rotation:
[    0.88567     0.44847    -0.12059]
[    0.15502    -0.53027    -0.83357]
[   -0.43776     0.71954    -0.53915]
Euler Angles (xyz, degrees):
Roll (X): 126.84
Pitch (Y): 25.96
Yaw (Z): 9.93
Translation: [83.67, 124.35, 881.16]

Error Analysis:
Rotation Error (degrees):
Roll (X): 24.25
Pitch (Y): -16.49
Yaw (Z): 15.19
Total Rotation Error Euler: 33.03
Total Rotation Error Matrix: 29.27
Translation Error Vector [x, y, z]: [4.52, 18.00, 18.19] mm
Translation Error Magnitude: 25.98 mm

ADD Error Analysis:
ADD Error: 41.00
Point-wise distances: [     25.989      47.676      54.741      55.647      5.3442      52.102      26.877       52.53      48.097]
Model diameter: 197.63 mm
10% threshold: 19.76 mm
Pose correct: False
Percentage of model diameter: 20.75
------------------------------
Frame 16:

Estimated Pose:
Rotation:
[    0.89129     0.45301    0.019518]
[    0.40394    -0.77371    -0.48806]
[     -0.206     0.44289    -0.87259]
Roll (X): 153.09
Pitch (Y): 11.89
Yaw (Z): 24.38
Translation: [77.23, 83.94, 942.70]

Ground Truth Pose:
Rotation:
[    0.88389     0.46292   -0.067125]
[    0.19429    -0.49387    -0.84758]
[    -0.4255     0.73611    -0.52645]
Euler Angles (xyz, degrees):
Roll (X): 125.57
Pitch (Y): 25.18
Yaw (Z): 12.40
Translation: [74.14, 66.18, 920.26]

Error Analysis:
Rotation Error (degrees):
Roll (X): 27.52
Pitch (Y): -13.29
Yaw (Z): 11.98
Total Rotation Error Euler: 32.83
Total Rotation Error Matrix: 29.34
Translation Error Vector [x, y, z]: [3.10, 17.77, 22.44] mm
Translation Error Magnitude: 28.78 mm

ADD Error Analysis:
ADD Error: 44.30
Point-wise distances: [     28.791      51.725      51.837      63.064       10.38      62.269      31.745      54.329      44.535]
Model diameter: 197.63 mm
10% threshold: 19.76 mm
Pose correct: False
Percentage of model diameter: 22.41
------------------------------
Frame 17:

Estimated Pose:
Rotation:
[    0.90573      0.4205    0.053131]
[    0.38977    -0.77711    -0.49415]
[    -0.1665     0.46828    -0.86775]
Roll (X): 151.65
Pitch (Y): 9.58
Yaw (Z): 23.28
Translation: [67.77, 67.20, 970.10]

Ground Truth Pose:
Rotation:
[     0.8996     0.42904   -0.081933]
[    0.16362    -0.50492    -0.84755]
[   -0.40499     0.74902    -0.52441]
Euler Angles (xyz, degrees):
Roll (X): 125.00
Pitch (Y): 23.89
Yaw (Z): 10.31
Translation: [64.02, 48.72, 949.79]

Error Analysis:
Rotation Error (degrees):
Roll (X): 26.65
Pitch (Y): -14.31
Yaw (Z): 12.98
Total Rotation Error Euler: 32.91
Total Rotation Error Matrix: 29.60
Translation Error Vector [x, y, z]: [3.74, 18.48, 20.31] mm
Translation Error Magnitude: 27.71 mm

ADD Error Analysis:
ADD Error: 43.23
Point-wise distances: [     27.715      49.978      53.944      60.328      8.7561      59.646      29.283      53.327      46.082]
Model diameter: 197.63 mm
10% threshold: 19.76 mm
Pose correct: False
Percentage of model diameter: 21.87
------------------------------
Frame 18:

Estimated Pose:
Rotation:
[    0.98325     0.17649    0.045444]
[    0.18142    -0.92426    -0.33591]
[  -0.017281     0.33852     -0.9408]
Roll (X): 160.21
Pitch (Y): 0.99
Yaw (Z): 10.45
Translation: [208.14, 107.47, 982.80]

Ground Truth Pose:
Rotation:
[      0.984     0.16784   -0.061805]
[    0.01125      -0.403    -0.91523]
[   -0.17852     0.89981     -0.3984]
Euler Angles (xyz, degrees):
Roll (X): 113.88
Pitch (Y): 10.28
Yaw (Z): 0.65
Translation: [206.45, 85.69, 970.37]

Error Analysis:
Rotation Error (degrees):
Roll (X): 46.33
Pitch (Y): -9.29
Yaw (Z): 9.80
Total Rotation Error Euler: 48.26
Total Rotation Error Matrix: 47.20
Translation Error Vector [x, y, z]: [1.69, 21.78, 12.43] mm
Translation Error Magnitude: 25.14 mm

ADD Error Analysis:
ADD Error: 60.74
Point-wise distances: [      25.14      71.151      86.016      82.431      43.974      91.168      38.184      53.766      54.795]
Model diameter: 197.63 mm
10% threshold: 19.76 mm
Pose correct: False
Percentage of model diameter: 30.73
------------------------------
Frame 19:

Estimated Pose:
Rotation:
[    0.98469     0.17073    0.035288]
[    0.17357    -0.94107    -0.29029]
[  -0.016353     0.29197    -0.95629]
Roll (X): 163.02
Pitch (Y): 0.94
Yaw (Z): 10.00
Translation: [186.77, 148.60, 954.29]

Ground Truth Pose:
Rotation:
[    0.98259     0.17757   -0.056743]
[   0.018603    -0.39632    -0.91802]
[    -0.1855     0.90091    -0.39269]
Euler Angles (xyz, degrees):
Roll (X): 113.55
Pitch (Y): 10.69
Yaw (Z): 1.08
Translation: [187.15, 123.80, 942.90]

Error Analysis:
Rotation Error (degrees):
Roll (X): 49.47
Pitch (Y): -9.75
Yaw (Z): 8.91
Total Rotation Error Euler: 51.21
Total Rotation Error Matrix: 50.20
Translation Error Vector [x, y, z]: [-0.38, 24.80, 11.39] mm
Translation Error Magnitude: 27.29 mm

ADD Error Analysis:
ADD Error: 63.94
Point-wise distances: [     27.296      73.205      93.804      85.133      47.593      97.226      37.257      54.542      59.382]
Model diameter: 197.63 mm
10% threshold: 19.76 mm
Pose correct: False
Percentage of model diameter: 32.35
------------------------------
Frame 20:

Estimated Pose:
Rotation:
[    0.98044     0.19316    0.037837]
[    0.19534    -0.93132    -0.30737]
[  -0.024133     0.30875    -0.95084]
Roll (X): 162.01
Pitch (Y): 1.38
Yaw (Z): 11.27
Translation: [194.23, 143.13, 932.32]

Ground Truth Pose:
Rotation:
[    0.97939     0.19376   -0.059065]
[   0.024494    -0.40278    -0.91507]
[   -0.20108     0.89468    -0.39919]
Euler Angles (xyz, degrees):
Roll (X): 114.04
Pitch (Y): 11.60
Yaw (Z): 1.43
Translation: [194.00, 117.72, 918.52]

Error Analysis:
Rotation Error (degrees):
Roll (X): 47.97
Pitch (Y): -10.22
Yaw (Z): 9.84
Total Rotation Error Euler: 50.02
Total Rotation Error Matrix: 48.81
Translation Error Vector [x, y, z]: [0.23, 25.41, 13.80] mm
Translation Error Magnitude: 28.91 mm

ADD Error Analysis:
ADD Error: 63.17
Point-wise distances: [     28.916      71.347      90.862      85.332      42.632      96.636      37.517       56.23      59.101]
Model diameter: 197.63 mm
10% threshold: 19.76 mm
Pose correct: False
Percentage of model diameter: 31.97
------------------------------
Frame 21:

Estimated Pose:
Rotation:
[    0.97866     0.20419    0.023242]
[    0.20163    -0.93218    -0.30064]
[  -0.039721     0.29891    -0.95345]
Roll (X): 162.59
Pitch (Y): 2.28
Yaw (Z): 11.64
Translation: [204.79, 126.18, 920.34]

Ground Truth Pose:
Rotation:
[    0.97906     0.19596   -0.057312]
[   0.022694    -0.38346    -0.92338]
[   -0.20292     0.90266    -0.37984]
Euler Angles (xyz, degrees):
Roll (X): 112.82
Pitch (Y): 11.71
Yaw (Z): 1.33
Translation: [206.07, 104.03, 915.95]

Error Analysis:
Rotation Error (degrees):
Roll (X): 49.77
Pitch (Y): -9.43
Yaw (Z): 10.31
Total Rotation Error Euler: 51.70
Total Rotation Error Matrix: 50.34
Translation Error Vector [x, y, z]: [-1.29, 22.15, 4.39] mm
Translation Error Magnitude: 22.62 mm

ADD Error Analysis:
ADD Error: 62.20
Point-wise distances: [      22.62      72.663      95.629      79.271      54.329      90.498      36.417      48.301      60.106]
Model diameter: 197.63 mm
10% threshold: 19.76 mm
Pose correct: False
Percentage of model diameter: 31.47
------------------------------
Frame 22:

Estimated Pose:
Rotation:
[    0.97984     0.19918   -0.015499]
[    0.19361    -0.96582    -0.17234]
[  -0.049296     0.16586    -0.98492]
Roll (X): 170.44
Pitch (Y): 2.83
Yaw (Z): 11.18
Translation: [203.45, 127.89, 931.45]

Ground Truth Pose:
Rotation:
[    0.97925     0.20286   -0.012796]
[    0.03968    -0.25254    -0.96687]
[   -0.19936      0.9462    -0.25534]
Euler Angles (xyz, degrees):
Roll (X): 105.10
Pitch (Y): 11.50
Yaw (Z): 2.32
Translation: [207.01, 103.32, 930.97]

Error Analysis:
Rotation Error (degrees):
Roll (X): 65.34
Pitch (Y): -8.67
Yaw (Z): 8.86
Total Rotation Error Euler: 66.51
Total Rotation Error Matrix: 65.27
Translation Error Vector [x, y, z]: [-3.56, 24.56, 0.48] mm
Translation Error Magnitude: 24.82 mm

ADD Error Analysis:
ADD Error: 78.00
Point-wise distances: [     24.818      94.484      122.12       96.66      77.854      111.84      45.018       55.45      73.734]
Model diameter: 197.63 mm
10% threshold: 19.76 mm
Pose correct: False
Percentage of model diameter: 39.47
------------------------------
Frame 23:

Estimated Pose:
Rotation:
[    0.99258     0.12156   0.0032399]
[    0.12056    -0.98025    -0.15679]
[  -0.015882     0.15601    -0.98763]
Roll (X): 171.02
Pitch (Y): 0.91
Yaw (Z): 6.93
Translation: [163.50, 114.60, 954.30]

Ground Truth Pose:
Rotation:
[    0.98944     0.14102   -0.036837]
[ -0.0017971    -0.24098    -0.97062]
[   -0.14575     0.96035    -0.23817]
Euler Angles (xyz, degrees):
Roll (X): 103.93
Pitch (Y): 8.38
Yaw (Z): -0.10
Translation: [166.32, 88.89, 949.26]

Error Analysis:
Rotation Error (degrees):
Roll (X): 67.10
Pitch (Y): -7.47
Yaw (Z): 7.03
Total Rotation Error Euler: 67.88
Total Rotation Error Matrix: 67.21
Translation Error Vector [x, y, z]: [-2.83, 25.71, 5.04] mm
Translation Error Magnitude: 26.35 mm

ADD Error Analysis:
ADD Error: 80.97
Point-wise distances: [     26.351      98.555      122.64      103.99       77.08      119.16       47.59       60.62      72.782]
Model diameter: 197.63 mm
10% threshold: 19.76 mm
Pose correct: False
Percentage of model diameter: 40.97
------------------------------
Frame 24:

Estimated Pose:
Rotation:
[    0.97665     0.21481   -0.001762]
[    0.20995    -0.95623    -0.20384]
[  -0.045471     0.19871      -0.979]
Roll (X): 168.53
Pitch (Y): 2.61
Yaw (Z): 12.13
Translation: [137.73, 121.62, 943.45]

Ground Truth Pose:
Rotation:
[    0.97759     0.20822   -0.034755]
[   0.029925     -0.2997    -0.95366]
[   -0.20897     0.93116    -0.29919]
Euler Angles (xyz, degrees):
Roll (X): 107.81
Pitch (Y): 12.06
Yaw (Z): 1.75
Translation: [142.46, 98.60, 953.52]

Error Analysis:
Rotation Error (degrees):
Roll (X): 60.72
Pitch (Y): -9.45
Yaw (Z): 10.38
Total Rotation Error Euler: 62.32
Total Rotation Error Matrix: 60.85
Translation Error Vector [x, y, z]: [-4.73, 23.02, -10.07] mm
Translation Error Magnitude: 25.57 mm

ADD Error Analysis:
ADD Error: 72.29
Point-wise distances: [      25.56      85.736      121.77      80.355      80.794      97.414      40.104      42.925      75.913]
Model diameter: 197.63 mm
10% threshold: 19.76 mm
Pose correct: False
Percentage of model diameter: 36.58
------------------------------
Frame 25:

Estimated Pose:
Rotation:
[    0.99656    0.082899  0.00042987]
[   0.078157    -0.93779    -0.33828]
[   -0.02764     0.33715    -0.94105]
Roll (X): 160.29
Pitch (Y): 1.58
Yaw (Z): 4.48
Translation: [213.10, 193.28, 990.39]

Ground Truth Pose:
Rotation:
[    0.99568    0.094092  -0.0045566]
[   0.037326    -0.43851    -0.89805]
[  -0.086499     0.89392    -0.44008]
Euler Angles (xyz, degrees):
Roll (X): 116.21
Pitch (Y): 4.96
Yaw (Z): 2.15
Translation: [212.86, 167.56, 973.84]

Error Analysis:
Rotation Error (degrees):
Roll (X): 44.08
Pitch (Y): -3.38
Yaw (Z): 2.34
Total Rotation Error Euler: 44.27
Total Rotation Error Matrix: 44.11
Translation Error Vector [x, y, z]: [0.23, 25.72, 16.55] mm
Translation Error Magnitude: 30.59 mm

ADD Error Analysis:
ADD Error: 59.41
Point-wise distances: [      30.59      65.193      83.147      82.851      37.973      96.814      36.498      50.313      51.296]
Model diameter: 197.63 mm
10% threshold: 19.76 mm
Pose correct: False
Percentage of model diameter: 30.06
------------------------------
Frame 26:

Estimated Pose:
Rotation:
[    0.99863    0.050431    -0.01412]
[   0.039528    -0.90269    -0.42848]
[  -0.034354     0.42733    -0.90344]
Roll (X): 154.69
Pitch (Y): 1.97
Yaw (Z): 2.27
Translation: [259.54, 157.73, 1000.20]

Ground Truth Pose:
Rotation:
[    0.99715     0.07147    0.028924]
[   0.061895    -0.51836    -0.85303]
[  -0.045979     0.85231    -0.52124]
Euler Angles (xyz, degrees):
Roll (X): 121.45
Pitch (Y): 2.63
Yaw (Z): 3.55
Translation: [254.19, 130.93, 969.47]

Error Analysis:
Rotation Error (degrees):
Roll (X): 33.24
Pitch (Y): -0.67
Yaw (Z): -1.29
Total Rotation Error Euler: 33.27
Total Rotation Error Matrix: 33.30
Translation Error Vector [x, y, z]: [5.35, 26.80, 30.73] mm
Translation Error Magnitude: 41.12 mm

ADD Error Analysis:
ADD Error: 55.08
Point-wise distances: [      41.12      57.321      64.119      82.385      14.134      92.997      45.368      54.929       43.33]
Model diameter: 197.63 mm
10% threshold: 19.76 mm
Pose correct: False
Percentage of model diameter: 27.87
------------------------------
Frame 27:

Estimated Pose:
Rotation:
[    0.98901     0.14749   -0.010655]
[    0.12528    -0.87398    -0.46954]
[  -0.078563     0.46304    -0.88285]
Roll (X): 152.32
Pitch (Y): 4.51
Yaw (Z): 7.22
Translation: [245.50, 144.66, 987.24]

Ground Truth Pose:
Rotation:
[    0.98552     0.16915    0.019638]
[    0.11294    -0.56294    -0.81886]
[   -0.12746     0.80915    -0.57383]
Euler Angles (xyz, degrees):
Roll (X): 125.34
Pitch (Y): 7.32
Yaw (Z): 6.54
Translation: [244.12, 122.50, 965.57]

Error Analysis:
Rotation Error (degrees):
Roll (X): 26.98
Pitch (Y): -2.82
Yaw (Z): 0.68
Total Rotation Error Euler: 27.14
Total Rotation Error Matrix: 27.04
Translation Error Vector [x, y, z]: [1.38, 22.16, 21.67] mm
Translation Error Magnitude: 31.03 mm

ADD Error Analysis:
ADD Error: 42.92
Point-wise distances: [     31.031      43.535      53.512      62.872      11.606      72.715       31.32      42.769      36.921]
Model diameter: 197.63 mm
10% threshold: 19.76 mm
Pose correct: False
Percentage of model diameter: 21.72
------------------------------
Frame 28:

Estimated Pose:
Rotation:
[    0.98197     0.18028   -0.056867]
[    0.12329    -0.83882    -0.53027]
[    -0.1433      0.5137    -0.84592]
Roll (X): 148.73
Pitch (Y): 8.24
Yaw (Z): 7.16
Translation: [227.77, 180.23, 982.47]

Ground Truth Pose:
Rotation:
[    0.98092     0.18923    0.047217]
[    0.15359    -0.60024    -0.78506]
[   -0.12021     0.77726    -0.61778]
Euler Angles (xyz, degrees):
Roll (X): 128.48
Pitch (Y): 6.90
Yaw (Z): 8.90
Translation: [227.03, 156.92, 956.25]

Error Analysis:
Rotation Error (degrees):
Roll (X): 20.25
Pitch (Y): 1.34
Yaw (Z): -1.74
Total Rotation Error Euler: 20.37
Total Rotation Error Matrix: 20.57
Translation Error Vector [x, y, z]: [0.74, 23.31, 26.22] mm
Translation Error Magnitude: 35.09 mm

ADD Error Analysis:
ADD Error: 40.22
Point-wise distances: [     35.093      38.119      46.017       59.22      5.0481      67.677      36.973       39.85      33.995]
Model diameter: 197.63 mm
10% threshold: 19.76 mm
Pose correct: False
Percentage of model diameter: 20.35
------------------------------
Frame 29:

Estimated Pose:
Rotation:
[    0.99335    -0.10139   -0.054469]
[   -0.11218    -0.74708     -0.6552]
[    0.02574     0.65695    -0.75349]
Roll (X): 138.92
Pitch (Y): -1.47
Yaw (Z): -6.44
Translation: [163.06, 121.52, 995.94]

Ground Truth Pose:
Rotation:
[    0.99716   -0.057718    0.050809]
[ -0.0078333    -0.73362    -0.67966]
[   0.076486     0.67727     -0.7319]
Euler Angles (xyz, degrees):
Roll (X): 137.22
Pitch (Y): -4.39
Yaw (Z): -0.45
Translation: [163.50, 100.08, 964.24]

Error Analysis:
Rotation Error (degrees):
Roll (X): 1.70
Pitch (Y): 2.91
Yaw (Z): -5.99
Total Rotation Error Euler: 6.88
Total Rotation Error Matrix: 6.72
Translation Error Vector [x, y, z]: [-0.44, 21.45, 31.70] mm
Translation Error Magnitude: 38.27 mm

ADD Error Analysis:
ADD Error: 38.48
Point-wise distances: [     38.271      37.673      39.717      41.988      35.522      41.669      43.202      34.474      33.769]
Model diameter: 197.63 mm
10% threshold: 19.76 mm
Pose correct: False
Percentage of model diameter: 19.47
------------------------------
Frame 30:

Estimated Pose:
Rotation:
[    0.99385   -0.094018   -0.058473]
[   -0.10809    -0.70952    -0.69634]
[   0.023981     0.69838    -0.71532]
Roll (X): 135.69
Pitch (Y): -1.37
Yaw (Z): -6.21
Translation: [155.87, 95.48, 977.59]

Ground Truth Pose:
Rotation:
[    0.99609   -0.066549    0.060156]
[  -0.013052    -0.77102    -0.63683]
[   0.088744     0.63351    -0.76877]
Euler Angles (xyz, degrees):
Roll (X): 140.51
Pitch (Y): -5.09
Yaw (Z): -0.75
Translation: [157.42, 76.62, 951.01]

Error Analysis:
Rotation Error (degrees):
Roll (X): -4.82
Pitch (Y): 3.72
Yaw (Z): -5.46
Total Rotation Error Euler: 8.18
Total Rotation Error Matrix: 8.29
Translation Error Vector [x, y, z]: [-1.55, 18.86, 26.58] mm
Translation Error Magnitude: 32.63 mm

ADD Error Analysis:
ADD Error: 33.74
Point-wise distances: [     32.626      37.753       38.22      31.532       39.87       25.71      39.539      27.797      30.648]
Model diameter: 197.63 mm
10% threshold: 19.76 mm
Pose correct: False
Percentage of model diameter: 17.07
------------------------------
Frame 31:

Estimated Pose:
Rotation:
[    0.99712   -0.049433   -0.057461]
[  -0.075795    -0.65755    -0.74959]
[-0.00072947     0.75179    -0.65941]
Roll (X): 131.25
Pitch (Y): 0.04
Yaw (Z): -4.35
Translation: [167.13, 144.10, 955.08]

Ground Truth Pose:
Rotation:
[    0.99769   -0.020244    0.066702]
[   0.021444    -0.82147    -0.57002]
[   0.066317     0.57009    -0.81903]
Euler Angles (xyz, degrees):
Roll (X): 145.16
Pitch (Y): -3.80
Yaw (Z): 1.23
Translation: [171.27, 126.87, 937.80]

Error Analysis:
Rotation Error (degrees):
Roll (X): -13.91
Pitch (Y): 3.84
Yaw (Z): -5.58
Total Rotation Error Euler: 15.47
Total Rotation Error Matrix: 15.59
Translation Error Vector [x, y, z]: [-4.14, 17.23, 17.27] mm
Translation Error Magnitude: 24.75 mm

ADD Error Analysis:
ADD Error: 30.76
Point-wise distances: [     24.745      44.784      39.039      28.429      46.253      4.0152      37.682      24.879      27.042]
Model diameter: 197.63 mm
10% threshold: 19.76 mm
Pose correct: False
Percentage of model diameter: 15.57
------------------------------
Frame 32:

Estimated Pose:
Rotation:
[    0.99384   -0.065403     -0.0895]
[   -0.11083    -0.60247    -0.79041]
[ -0.0022266     0.79545    -0.60601]
Roll (X): 127.30
Pitch (Y): 0.13
Yaw (Z): -6.36
Translation: [154.29, 130.16, 961.73]

Ground Truth Pose:
Rotation:
[    0.99478   -0.019075     0.10148]
[    0.03358    -0.86973     -0.4926]
[    0.09764      0.4934    -0.86443]
Euler Angles (xyz, degrees):
Roll (X): 150.28
Pitch (Y): -5.60
Yaw (Z): 1.93
Translation: [159.90, 115.56, 947.84]

Error Analysis:
Rotation Error (degrees):
Roll (X): -22.98
Pitch (Y): 5.73
Yaw (Z): -8.30
Total Rotation Error Euler: 25.10
Total Rotation Error Matrix: 25.41
Translation Error Vector [x, y, z]: [-5.61, 14.60, 13.88] mm
Translation Error Magnitude: 20.92 mm

ADD Error Analysis:
ADD Error: 38.09
Point-wise distances: [     20.914      58.084      50.711       39.22      56.361      14.933      43.887      28.455      30.256]
Model diameter: 197.63 mm
10% threshold: 19.76 mm
Pose correct: False
Percentage of model diameter: 19.27
------------------------------
Frame 33:

Estimated Pose:
Rotation:
[    0.99199   -0.047906    -0.11685]
[   -0.12203    -0.60197    -0.78914]
[  -0.032538     0.79708      -0.603]
Roll (X): 127.11
Pitch (Y): 1.86
Yaw (Z): -7.01
Translation: [149.07, 143.87, 994.34]

Ground Truth Pose:
Rotation:
[    0.99393    -0.02408     0.10845]
[   0.032329    -0.87139    -0.48974]
[    0.10627     0.49024    -0.86521]
Euler Angles (xyz, degrees):
Roll (X): 150.46
Pitch (Y): -6.10
Yaw (Z): 1.86
Translation: [151.26, 125.82, 958.27]

Error Analysis:
Rotation Error (degrees):
Roll (X): -23.36
Pitch (Y): 7.96
Yaw (Z): -8.88
Total Rotation Error Euler: 26.22
Total Rotation Error Matrix: 26.46
Translation Error Vector [x, y, z]: [-2.18, 18.05, 36.08] mm
Translation Error Magnitude: 40.40 mm

ADD Error Analysis:
ADD Error: 49.54
Point-wise distances: [     40.392      68.689      70.558       39.23      74.875      10.685      58.125      35.064      48.228]
Model diameter: 197.63 mm
10% threshold: 19.76 mm
Pose correct: False
Percentage of model diameter: 25.07
------------------------------
Frame 34:

Estimated Pose:
Rotation:
[    0.99577   0.0099421   -0.091315]
[  -0.066435    -0.60856    -0.79072]
[  -0.063432     0.79344    -0.60533]
Roll (X): 127.34
Pitch (Y): 3.64
Yaw (Z): -3.82
Translation: [146.91, 162.44, 991.42]

Ground Truth Pose:
Rotation:
[    0.99473    0.041759    0.094899]
[   0.084722    -0.85508    -0.51174]
[    0.05976     0.51704      -0.854]
Euler Angles (xyz, degrees):
Roll (X): 148.81
Pitch (Y): -3.43
Yaw (Z): 4.87
Translation: [149.44, 146.24, 966.66]

Error Analysis:
Rotation Error (degrees):
Roll (X): -21.47
Pitch (Y): 7.06
Yaw (Z): -8.69
Total Rotation Error Euler: 24.21
Total Rotation Error Matrix: 24.14
Translation Error Vector [x, y, z]: [-2.53, 16.20, 24.77] mm
Translation Error Magnitude: 29.70 mm

ADD Error Analysis:
ADD Error: 40.28
Point-wise distances: [     29.697      59.206      57.262      35.944      61.603       4.578      48.704      28.799      36.713]
Model diameter: 197.63 mm
10% threshold: 19.76 mm
Pose correct: False
Percentage of model diameter: 20.38
------------------------------
Frame 35:

Estimated Pose:
Rotation:
[    0.99119      0.1255   -0.042307]
[   0.053147    -0.66951     -0.7409]
[   -0.12131     0.73212    -0.67029]
Roll (X): 132.48
Pitch (Y): 6.97
Yaw (Z): 3.07
Translation: [173.63, 160.86, 991.53]

Ground Truth Pose:
Rotation:
[    0.98673     0.16112     0.02558]
[    0.14458    -0.79104     -0.5946]
[  -0.075571     0.59036    -0.80373]
Euler Angles (xyz, degrees):
Roll (X): 143.70
Pitch (Y): 4.33
Yaw (Z): 8.34
Translation: [174.84, 143.34, 964.63]

Error Analysis:
Rotation Error (degrees):
Roll (X): -11.23
Pitch (Y): 2.63
Yaw (Z): -5.27
Total Rotation Error Euler: 12.68
Total Rotation Error Matrix: 12.16
Translation Error Vector [x, y, z]: [-1.21, 17.52, 26.90] mm
Translation Error Magnitude: 32.12 mm

ADD Error Analysis:
ADD Error: 34.93
Point-wise distances: [     32.123       43.51      42.927      28.589      48.225      16.436      40.098      28.243      34.195]
Model diameter: 197.63 mm
10% threshold: 19.76 mm
Pose correct: False
Percentage of model diameter: 17.67
------------------------------
Frame 36:

Estimated Pose:
Rotation:
[    0.98976     0.12792   -0.063293]
[   0.014851    -0.53339    -0.84574]
[   -0.14194     0.83614    -0.52983]
Roll (X): 122.36
Pitch (Y): 8.16
Yaw (Z): 0.86
Translation: [144.46, 156.53, 982.71]

Ground Truth Pose:
Rotation:
[    0.99177     0.12407    0.035308]
[    0.12718    -0.89474    -0.42834]
[   -0.02156     0.42927    -0.90304]
Euler Angles (xyz, degrees):
Roll (X): 154.58
Pitch (Y): 1.24
Yaw (Z): 7.31
Translation: [146.55, 142.73, 954.57]

Error Analysis:
Rotation Error (degrees):
Roll (X): -32.21
Pitch (Y): 6.93
Yaw (Z): -6.45
Total Rotation Error Euler: 33.58
Total Rotation Error Matrix: 33.01
Translation Error Vector [x, y, z]: [-2.09, 13.80, 28.14] mm
Translation Error Magnitude: 31.41 mm

ADD Error Analysis:
ADD Error: 50.59
Point-wise distances: [     31.407      74.595      74.034      42.142      78.463      19.328      52.581      35.718      47.032]
Model diameter: 197.63 mm
10% threshold: 19.76 mm
Pose correct: False
Percentage of model diameter: 25.60
------------------------------
Frame 37:

Estimated Pose:
Rotation:
[    0.99779    0.046214   -0.047779]
[  -0.026346    -0.38497    -0.92255]
[  -0.061029     0.92177     -0.3829]
Roll (X): 112.56
Pitch (Y): 3.50
Yaw (Z): -1.51
Translation: [136.61, 173.10, 1016.13]

Ground Truth Pose:
Rotation:
[     0.9956    0.080298    0.050756]
[   0.091029    -0.95927    -0.26785]
[   0.027169     0.27128    -0.96222]
Euler Angles (xyz, degrees):
Roll (X): 164.26
Pitch (Y): -1.56
Yaw (Z): 5.22
Translation: [140.56, 161.24, 980.06]

Error Analysis:
Rotation Error (degrees):
Roll (X): -51.70
Pitch (Y): 5.06
Yaw (Z): -6.74
Total Rotation Error Euler: 52.38
Total Rotation Error Matrix: 52.21
