Pose Errors for obj_000012
==================================================

Frame 0:

Estimated Pose:
Rotation:
[   -0.53188     0.84666   -0.016516]
[     0.5847     0.35307    -0.73039]
[   -0.61256    -0.39813    -0.68283]
Roll (X): -149.76
Pitch (Y): 37.77
Yaw (Z): 132.29
Translation: [-79.66, 39.36, 960.64]

Ground Truth Pose:
Rotation:
[   -0.58296     0.81247  -0.0092161]
[    0.60304     0.42503    -0.67507]
[   -0.54455    -0.39909    -0.73772]
Euler Angles (xyz, degrees):
Roll (X): -151.59
Pitch (Y): 32.99
Yaw (Z): 134.03
Translation: [-73.78, 30.05, 993.21]

Error Analysis:
Rotation Error (degrees):
Roll (X): 1.83
Pitch (Y): 4.78
Yaw (Z): -1.74
Total Rotation Error Euler: 5.41
Total Rotation Error Matrix: 5.73
Translation Error Vector [x, y, z]: [-5.87, 9.31, -32.57] mm
Translation Error Magnitude: 34.38 mm

ADD Error Analysis:
ADD Error: 34.86
Point-wise distances: [     37.154      31.002      33.385      27.745      41.567      35.382      39.084      33.559]
Model diameter: 173.77 mm
10% threshold: 17.38 mm
Pose correct: False
Percentage of model diameter: 20.06
------------------------------
Frame 1:

Estimated Pose:
Rotation:
[   -0.50504     0.86278    0.023299]
[     0.6094     0.37558    -0.69827]
[    -0.6112    -0.33846    -0.71546]
Roll (X): -154.68
Pitch (Y): 37.68
Yaw (Z): 129.65
Translation: [-117.96, 98.93, 955.94]

Ground Truth Pose:
Rotation:
[   -0.56359      0.8257    0.025486]
[    0.63438     0.45236    -0.62688]
[   -0.52913    -0.33712    -0.77873]
Euler Angles (xyz, degrees):
Roll (X): -156.59
Pitch (Y): 31.95
Yaw (Z): 131.62
Translation: [-113.09, 93.25, 984.78]

Error Analysis:
Rotation Error (degrees):
Roll (X): 1.91
Pitch (Y): 5.73
Yaw (Z): -1.97
Total Rotation Error Euler: 6.35
Total Rotation Error Matrix: 6.66
Translation Error Vector [x, y, z]: [-4.88, 5.68, -28.85] mm
Translation Error Magnitude: 29.80 mm

ADD Error Analysis:
ADD Error: 30.55
Point-wise distances: [     32.518      25.185      28.871      22.697      37.886       30.78      36.103      30.334]
Model diameter: 173.77 mm
10% threshold: 17.38 mm
Pose correct: False
Percentage of model diameter: 17.58
------------------------------
Frame 2:

Estimated Pose:
Rotation:
[   -0.47678     0.87895    0.011628]
[    0.66676     0.37024     -0.6468]
[   -0.57281    -0.30063    -0.76257]
Roll (X): -158.48
Pitch (Y): 34.95
Yaw (Z): 125.57
Translation: [-108.01, 106.92, 967.87]

Ground Truth Pose:
Rotation:
[   -0.55069     0.83454    0.018843]
[    0.68511     0.46476    -0.56097]
[   -0.47689      -0.296    -0.82766]
Euler Angles (xyz, degrees):
Roll (X): -160.32
Pitch (Y): 28.48
Yaw (Z): 128.79
Translation: [-102.58, 101.06, 997.60]

Error Analysis:
Rotation Error (degrees):
Roll (X): 1.84
Pitch (Y): 6.46
Yaw (Z): -3.22
Total Rotation Error Euler: 7.45
Total Rotation Error Matrix: 7.84
Translation Error Vector [x, y, z]: [-5.43, 5.86, -29.73] mm
Translation Error Magnitude: 30.78 mm

ADD Error Analysis:
ADD Error: 31.85
Point-wise distances: [     33.727      25.997      29.349      23.394      39.975      32.265      37.965      32.125]
Model diameter: 173.77 mm
10% threshold: 17.38 mm
Pose correct: False
Percentage of model diameter: 18.33
------------------------------
Frame 3:

Estimated Pose:
Rotation:
[   -0.38922     0.92111  -0.0077867]
[    0.79043     0.32963     -0.5163]
[   -0.47301    -0.20711    -0.85637]
Roll (X): -166.40
Pitch (Y): 28.23
Yaw (Z): 116.22
Translation: [-65.73, 129.79, 976.42]

Ground Truth Pose:
Rotation:
[   -0.47005      0.8815   -0.045491]
[    0.80598     0.40763     -0.4293]
[   -0.35987    -0.23844    -0.90205]
Euler Angles (xyz, degrees):
Roll (X): -165.19
Pitch (Y): 21.09
Yaw (Z): 120.25
Translation: [-59.34, 120.61, 1000.97]

Error Analysis:
Rotation Error (degrees):
Roll (X): -1.21
Pitch (Y): 7.14
Yaw (Z): -4.03
Total Rotation Error Euler: 8.29
Total Rotation Error Matrix: 8.02
Translation Error Vector [x, y, z]: [-6.39, 9.18, -24.55] mm
Translation Error Magnitude: 26.98 mm

ADD Error Analysis:
ADD Error: 28.04
Point-wise distances: [     32.346      23.772      23.744      16.553      38.356      31.241      31.745      26.531]
Model diameter: 173.77 mm
10% threshold: 17.38 mm
Pose correct: False
Percentage of model diameter: 16.13
------------------------------
Frame 4:

Estimated Pose:
Rotation:
[   -0.41051     0.91038    0.051797]
[    0.75289     0.37044    -0.54399]
[   -0.51443    -0.18431    -0.83749]
Roll (X): -167.59
Pitch (Y): 30.96
Yaw (Z): 118.60
Translation: [-164.77, 179.92, 925.91]

Ground Truth Pose:
Rotation:
[   -0.46724     0.88301    0.045261]
[    0.78211     0.43665    -0.44463]
[   -0.41236    -0.17234     -0.8946]
Euler Angles (xyz, degrees):
Roll (X): -169.10
Pitch (Y): 24.35
Yaw (Z): 120.85
Translation: [-159.72, 171.90, 945.88]

Error Analysis:
Rotation Error (degrees):
Roll (X): 1.51
Pitch (Y): 6.61
Yaw (Z): -2.25
Total Rotation Error Euler: 7.14
Total Rotation Error Matrix: 7.34
Translation Error Vector [x, y, z]: [-5.05, 8.02, -19.97] mm
Translation Error Magnitude: 22.10 mm

ADD Error Analysis:
ADD Error: 23.23
Point-wise distances: [     26.163       17.04      21.904      14.328      31.024      22.836       29.34      23.227]
Model diameter: 173.77 mm
10% threshold: 17.38 mm
Pose correct: False
Percentage of model diameter: 13.37
------------------------------
Frame 5:

Estimated Pose:
Rotation:
[   -0.49236     0.86596    0.087762]
[    0.74794     0.47251    -0.46618]
[   -0.44516    -0.16389    -0.88033]
Roll (X): -169.45
Pitch (Y): 26.43
Yaw (Z): 123.36
Translation: [-195.47, 127.94, 908.98]

Ground Truth Pose:
Rotation:
[   -0.49305     0.86432    0.099629]
[    0.78805     0.49219    -0.36988]
[   -0.36872    -0.10385    -0.92377]
Euler Angles (xyz, degrees):
Roll (X): -173.59
Pitch (Y): 21.64
Yaw (Z): 122.03
Translation: [-188.83, 119.68, 925.57]

Error Analysis:
Rotation Error (degrees):
Roll (X): 4.13
Pitch (Y): 4.80
Yaw (Z): 1.32
Total Rotation Error Euler: 6.47
Total Rotation Error Matrix: 6.08
Translation Error Vector [x, y, z]: [-6.64, 8.26, -16.59] mm
Translation Error Magnitude: 19.69 mm

ADD Error Analysis:
ADD Error: 20.51
Point-wise distances: [     20.427      12.587      23.326      16.457      23.272      17.104      28.039      22.863]
Model diameter: 173.77 mm
10% threshold: 17.38 mm
Pose correct: False
Percentage of model diameter: 11.80
------------------------------
Frame 6:

Estimated Pose:
Rotation:
[   -0.48236     0.86498     0.13832]
[    0.73626     0.48589    -0.47098]
[    -0.4746    -0.12534    -0.87123]
Roll (X): -171.81
Pitch (Y): 28.33
Yaw (Z): 123.23
Translation: [-223.98, 152.83, 940.67]

Ground Truth Pose:
Rotation:
[   -0.50066     0.85649     0.12586]
[    0.76939     0.50689    -0.38882]
[   -0.39681   -0.097826    -0.91272]
Euler Angles (xyz, degrees):
Roll (X): -173.88
Pitch (Y): 23.38
Yaw (Z): 123.05
Translation: [-217.96, 146.02, 958.76]

Error Analysis:
Rotation Error (degrees):
Roll (X): 2.07
Pitch (Y): 4.96
Yaw (Z): 0.18
Total Rotation Error Euler: 5.37
Total Rotation Error Matrix: 5.31
Translation Error Vector [x, y, z]: [-6.02, 6.81, -18.10] mm
Translation Error Magnitude: 20.25 mm

ADD Error Analysis:
ADD Error: 20.82
Point-wise distances: [     21.305      14.072      21.915      15.427      25.299       19.47      27.053      22.012]
Model diameter: 173.77 mm
10% threshold: 17.38 mm
Pose correct: False
Percentage of model diameter: 11.98
------------------------------
Frame 7:

Estimated Pose:
Rotation:
[     -0.484     0.86375     0.14029]
[    0.74523     0.49088     -0.4513]
[   -0.45867    -0.11388    -0.88128]
Roll (X): -172.64
Pitch (Y): 27.30
Yaw (Z): 123.00
Translation: [-235.07, 173.57, 963.24]

Ground Truth Pose:
Rotation:
[   -0.47603     0.86709     0.14704]
[    0.78109     0.49368    -0.38244]
[   -0.40419   -0.067201    -0.91225]
Euler Angles (xyz, degrees):
Roll (X): -175.79
Pitch (Y): 23.84
Yaw (Z): 121.36
Translation: [-229.31, 166.71, 981.62]

Error Analysis:
Rotation Error (degrees):
Roll (X): 3.15
Pitch (Y): 3.46
Yaw (Z): 1.64
Total Rotation Error Euler: 4.96
Total Rotation Error Matrix: 4.44
Translation Error Vector [x, y, z]: [-5.76, 6.86, -18.38] mm
Translation Error Magnitude: 20.44 mm

ADD Error Analysis:
ADD Error: 20.82
Point-wise distances: [      19.41      14.113      23.363      18.547      22.395      18.419      27.001      23.293]
Model diameter: 173.77 mm
10% threshold: 17.38 mm
Pose correct: False
Percentage of model diameter: 11.98
------------------------------
Frame 8:

Estimated Pose:
Rotation:
[   -0.31893     0.93082      0.1785]
[    0.81189     0.36548    -0.45526]
[     -0.489 -0.00027234    -0.87228]
Roll (X): -179.98
Pitch (Y): 29.28
Yaw (Z): 111.45
Translation: [-233.48, 236.80, 945.19]

Ground Truth Pose:
Rotation:
[   -0.36947     0.91585     0.15746]
[    0.86743     0.40069    -0.29512]
[   -0.33336    0.027548    -0.94244]
Euler Angles (xyz, degrees):
Roll (X): 178.33
Pitch (Y): 19.47
Yaw (Z): 113.07
Translation: [-234.34, 232.44, 993.96]

Error Analysis:
Rotation Error (degrees):
Roll (X): -358.31
Pitch (Y): 9.80
Yaw (Z): -1.62
Total Rotation Error Euler: 358.45
Total Rotation Error Matrix: 10.17
Translation Error Vector [x, y, z]: [0.85, 4.36, -48.76] mm
Translation Error Magnitude: 48.97 mm

ADD Error Analysis:
ADD Error: 49.70
Point-wise distances: [     45.748      36.296      47.331      39.289      59.294       52.18      61.785      55.706]
Model diameter: 173.77 mm
10% threshold: 17.38 mm
Pose correct: False
Percentage of model diameter: 28.60
------------------------------
Frame 9:

Estimated Pose:
Rotation:
[   -0.35483     0.91579     0.18822]
[      0.818     0.40159    -0.41182]
[   -0.45273   0.0078391    -0.89161]
Roll (X): 179.50
Pitch (Y): 26.92
Yaw (Z): 113.45
Translation: [-233.38, 217.57, 955.04]

Ground Truth Pose:
Rotation:
[    -0.4084     0.90766    0.097382]
[    0.87084     0.41938    -0.25663]
[   -0.27376   -0.020005    -0.96165]
Euler Angles (xyz, degrees):
Roll (X): -178.81
Pitch (Y): 15.89
Yaw (Z): 115.12
Translation: [-232.19, 213.96, 993.10]

Error Analysis:
Rotation Error (degrees):
Roll (X): 358.30
Pitch (Y): 11.03
Yaw (Z): -1.67
Total Rotation Error Euler: 358.48
Total Rotation Error Matrix: 11.17
Translation Error Vector [x, y, z]: [-1.19, 3.61, -38.06] mm
Translation Error Magnitude: 38.25 mm

ADD Error Analysis:
ADD Error: 39.33
Point-wise distances: [     37.585       27.36      33.948      24.408      52.632      45.998      49.304      43.405]
Model diameter: 173.77 mm
10% threshold: 17.38 mm
Pose correct: False
Percentage of model diameter: 22.63
------------------------------
Frame 10:

Estimated Pose:
Rotation:
[   -0.64713     0.75849    0.076955]
[    0.59815     0.56772     -0.5656]
[   -0.47269    -0.31999    -0.82108]
Roll (X): -158.71
Pitch (Y): 28.21
Yaw (Z): 137.25
Translation: [-209.95, 165.52, 944.16]

Ground Truth Pose:
Rotation:
[   -0.59226     0.80432     0.04909]
[     0.6804      0.5318    -0.50433]
[   -0.43172    -0.26528    -0.86218]
Euler Angles (xyz, degrees):
Roll (X): -162.90
Pitch (Y): 25.58
Yaw (Z): 131.04
Translation: [-207.46, 168.32, 976.29]

Error Analysis:
Rotation Error (degrees):
Roll (X): 4.19
Pitch (Y): 2.63
Yaw (Z): 6.21
Total Rotation Error Euler: 7.94
Total Rotation Error Matrix: 6.24
Translation Error Vector [x, y, z]: [-2.49, -2.80, -32.13] mm
Translation Error Magnitude: 32.35 mm

ADD Error Analysis:
ADD Error: 33.00
Point-wise distances: [     29.081      25.771      35.592      31.183      33.896      31.636      40.118      36.722]
Model diameter: 173.77 mm
10% threshold: 17.38 mm
Pose correct: False
Percentage of model diameter: 18.99
------------------------------
Frame 11:

Estimated Pose:
Rotation:
[   -0.64026     0.76649    0.050682]
[    0.56346     0.51346     -0.6472]
[    -0.5221    -0.38582    -0.76063]
Roll (X): -153.10
Pitch (Y): 31.47
Yaw (Z): 138.65
Translation: [-210.06, 143.20, 977.97]

Ground Truth Pose:
Rotation:
[   -0.61842     0.78495    0.039044]
[    0.61736     0.51594    -0.59395]
[   -0.48633    -0.34319    -0.80362]
Euler Angles (xyz, degrees):
Roll (X): -156.87
Pitch (Y): 29.10
Yaw (Z): 135.05
Translation: [-203.40, 141.50, 988.57]

Error Analysis:
Rotation Error (degrees):
Roll (X): 3.77
Pitch (Y): 2.37
Yaw (Z): 3.60
Total Rotation Error Euler: 5.73
Total Rotation Error Matrix: 4.31
Translation Error Vector [x, y, z]: [-6.66, 1.70, -10.60] mm
Translation Error Magnitude: 12.63 mm

ADD Error Analysis:
ADD Error: 13.20
Point-wise distances: [     12.067      6.4278      16.301      11.121      14.159      10.768      19.124      15.603]
Model diameter: 173.77 mm
10% threshold: 17.38 mm
Pose correct: True
Percentage of model diameter: 7.59
------------------------------
Frame 12:

Estimated Pose:
Rotation:
[    -0.5799     0.81356   -0.042824]
[    0.55712     0.35766    -0.74946]
[   -0.59442    -0.45847    -0.66066]
Roll (X): -145.24
Pitch (Y): 36.47
Yaw (Z): 136.15
Translation: [-143.77, 155.38, 929.37]

Ground Truth Pose:
Rotation:
[   -0.55514     0.83141   -0.026209]
[    0.60169     0.37961    -0.70284]
[   -0.57436    -0.40593    -0.71095]
Euler Angles (xyz, degrees):
Roll (X): -150.27
Pitch (Y): 35.05
Yaw (Z): 132.70
Translation: [-139.48, 155.10, 954.96]

Error Analysis:
Rotation Error (degrees):
Roll (X): 5.03
Pitch (Y): 1.42
Yaw (Z): 3.45
Total Rotation Error Euler: 6.27
Total Rotation Error Matrix: 4.29
Translation Error Vector [x, y, z]: [-4.29, 0.28, -25.58] mm
Translation Error Magnitude: 25.94 mm

ADD Error Analysis:
ADD Error: 26.20
Point-wise distances: [     24.739      19.707      30.082      25.597       26.34      22.299      32.262      28.605]
Model diameter: 173.77 mm
10% threshold: 17.38 mm
Pose correct: False
Percentage of model diameter: 15.08
------------------------------
Frame 13:

Estimated Pose:
Rotation:
[   -0.55485     0.82978   -0.059995]
[    0.52367     0.29231     -0.8002]
[   -0.64646    -0.47541    -0.59672]
Roll (X): -141.46
Pitch (Y): 40.27
Yaw (Z): 136.66
Translation: [-118.01, 169.51, 902.28]

Ground Truth Pose:
Rotation:
[   -0.53173     0.84539   -0.051948]
[    0.56007     0.30494    -0.77035]
[   -0.63536    -0.43869    -0.63559]
Euler Angles (xyz, degrees):
Roll (X): -145.39
Pitch (Y): 39.44
Yaw (Z): 133.51
Translation: [-112.95, 169.52, 930.68]

Error Analysis:
Rotation Error (degrees):
Roll (X): 3.93
Pitch (Y): 0.83
Yaw (Z): 3.14
Total Rotation Error Euler: 5.10
Total Rotation Error Matrix: 3.10
Translation Error Vector [x, y, z]: [-5.06, -0.01, -28.40] mm
Translation Error Magnitude: 28.85 mm

ADD Error Analysis:
ADD Error: 28.98
Point-wise distances: [     28.014      24.355          32      28.533      29.171      25.976      33.422      30.374]
Model diameter: 173.77 mm
10% threshold: 17.38 mm
Pose correct: False
Percentage of model diameter: 16.68
------------------------------
Frame 14:

Estimated Pose:
Rotation:
[   -0.51054       0.856   -0.081367]
[    0.47322     0.20071    -0.85777]
[   -0.71792    -0.47643    -0.50755]
Roll (X): -136.81
Pitch (Y): 45.88
Yaw (Z): 137.17
Translation: [-116.16, 198.92, 871.62]

Ground Truth Pose:
Rotation:
[   -0.57051     0.81966   -0.052992]
[    0.50266     0.29739    -0.81181]
[    -0.6496    -0.48976    -0.58164]
Euler Angles (xyz, degrees):
Roll (X): -139.90
Pitch (Y): 40.51
Yaw (Z): 138.62
Translation: [-112.02, 196.57, 904.60]

Error Analysis:
Rotation Error (degrees):
Roll (X): 3.09
Pitch (Y): 5.37
Yaw (Z): -1.44
Total Rotation Error Euler: 6.37
Total Rotation Error Matrix: 6.78
Translation Error Vector [x, y, z]: [-4.14, 2.34, -32.98] mm
Translation Error Magnitude: 33.32 mm

ADD Error Analysis:
ADD Error: 34.09
Point-wise distances: [     36.284      29.676      32.419      26.492      41.373      34.304      39.195      32.984]
Model diameter: 173.77 mm
10% threshold: 17.38 mm
Pose correct: False
Percentage of model diameter: 19.62
------------------------------
Frame 15:

Estimated Pose:
Rotation:
[   -0.54049     0.84008   -0.046236]
[     0.4362      0.2328    -0.86922]
[   -0.71945    -0.48997    -0.49226]
Roll (X): -135.13
Pitch (Y): 46.01
Yaw (Z): 141.10
Translation: [-130.11, 134.40, 908.71]

Ground Truth Pose:
Rotation:
[   -0.53474     0.84404   -0.042571]
[    0.47535     0.25874    -0.84098]
[   -0.69875    -0.46991    -0.53954]
Euler Angles (xyz, degrees):
Roll (X): -138.94
Pitch (Y): 44.32
Yaw (Z): 138.36
Translation: [-128.35, 127.36, 939.18]

Error Analysis:
Rotation Error (degrees):
Roll (X): 3.81
Pitch (Y): 1.69
Yaw (Z): 2.73
Total Rotation Error Euler: 4.98
Total Rotation Error Matrix: 3.04
Translation Error Vector [x, y, z]: [-1.76, 7.04, -30.47] mm
Translation Error Magnitude: 31.32 mm

ADD Error Analysis:
ADD Error: 31.45
Point-wise distances: [     32.667      27.772      33.878      29.118      33.519      28.816      35.156       30.64]
Model diameter: 173.77 mm
10% threshold: 17.38 mm
Pose correct: False
Percentage of model diameter: 18.10
------------------------------
Frame 16:

Estimated Pose:
Rotation:
[    -0.5202     0.85115   -0.070239]
[     0.4553      0.2068    -0.86599]
[   -0.72256    -0.48247     -0.4951]
Roll (X): -135.74
Pitch (Y): 46.27
Yaw (Z): 138.81
Translation: [-136.27, 122.43, 925.22]

Ground Truth Pose:
Rotation:
[    -0.5023     0.86292   -0.056874]
[    0.48891     0.22911    -0.84181]
[   -0.71332    -0.45061    -0.53693]
Euler Angles (xyz, degrees):
Roll (X): -139.99
Pitch (Y): 45.50
Yaw (Z): 135.77
Translation: [-136.89, 116.14, 963.78]

Error Analysis:
Rotation Error (degrees):
Roll (X): 4.25
Pitch (Y): 0.76
Yaw (Z): 3.03
Total Rotation Error Euler: 5.28
Total Rotation Error Matrix: 2.92
Translation Error Vector [x, y, z]: [0.62, 6.30, -38.56] mm
Translation Error Magnitude: 39.08 mm

ADD Error Analysis:
ADD Error: 39.17
Point-wise distances: [     39.725      35.443      42.487       38.35      39.815      35.714      42.892      38.955]
Model diameter: 173.77 mm
10% threshold: 17.38 mm
Pose correct: False
Percentage of model diameter: 22.54
------------------------------
Frame 17:

Estimated Pose:
Rotation:
[   -0.45159     0.89053   -0.055032]
[    0.30618     0.09674    -0.94704]
[   -0.83805    -0.44452    -0.31635]
Roll (X): -125.44
Pitch (Y): 56.93
Yaw (Z): 145.86
Translation: [-47.03, 159.83, 934.34]

Ground Truth Pose:
Rotation:
[   -0.40078     0.91404   -0.062681]
[    0.33814    0.083982    -0.93736]
[   -0.85151    -0.39686    -0.34273]
Euler Angles (xyz, degrees):
Roll (X): -130.81
Pitch (Y): 58.38
Yaw (Z): 139.85
Translation: [-41.62, 157.49, 960.86]

Error Analysis:
Rotation Error (degrees):
Roll (X): 5.38
Pitch (Y): -1.44
Yaw (Z): 6.02
Total Rotation Error Euler: 8.20
Total Rotation Error Matrix: 3.52
Translation Error Vector [x, y, z]: [-5.41, 2.33, -26.52] mm
Translation Error Magnitude: 27.17 mm

ADD Error Analysis:
ADD Error: 27.36
Point-wise distances: [     26.146      23.618      31.713      29.141      25.453      22.959      31.195      28.665]
Model diameter: 173.77 mm
10% threshold: 17.38 mm
Pose correct: False
Percentage of model diameter: 15.75
------------------------------
Frame 18:

Estimated Pose:
Rotation:
[   -0.43028     0.90178    -0.04072]
[    0.27193     0.08647    -0.95842]
[   -0.86077    -0.42346    -0.28242]
Roll (X): -123.70
Pitch (Y): 59.40
Yaw (Z): 147.71
Translation: [-66.42, 197.18, 904.27]

Ground Truth Pose:
Rotation:
[    -0.4096     0.91049   -0.057041]
[    0.32976    0.089468    -0.93983]
[    -0.8506    -0.40376    -0.33689]
Euler Angles (xyz, degrees):
Roll (X): -129.84
Pitch (Y): 58.28
Yaw (Z): 141.16
Translation: [-61.39, 193.59, 934.64]

Error Analysis:
Rotation Error (degrees):
Roll (X): 6.14
Pitch (Y): 1.13
Yaw (Z): 6.54
Total Rotation Error Euler: 9.04
Total Rotation Error Matrix: 3.59
Translation Error Vector [x, y, z]: [-5.02, 3.59, -30.38] mm
Translation Error Magnitude: 31.00 mm

ADD Error Analysis:
ADD Error: 31.16
Point-wise distances: [     32.437      27.101      34.562      29.223      32.951      27.774      35.217      30.051]
Model diameter: 173.77 mm
10% threshold: 17.38 mm
Pose correct: False
Percentage of model diameter: 17.93
------------------------------
Frame 19:

Estimated Pose:
Rotation:
[   -0.44291     0.89554   -0.042807]
[    0.28106     0.09335    -0.95514]
[   -0.85137    -0.43507    -0.29305]
Roll (X): -123.96
Pitch (Y): 58.36
Yaw (Z): 147.60
Translation: [-60.81, 191.08, 887.61]

Ground Truth Pose:
Rotation:
[   -0.42466     0.90348    -0.05837]
[    0.33477    0.096795    -0.93733]
[    -0.8412    -0.41757    -0.34357]
Euler Angles (xyz, degrees):
Roll (X): -129.45
Pitch (Y): 57.27
Yaw (Z): 141.75
Translation: [-54.78, 186.57, 914.72]

Error Analysis:
Rotation Error (degrees):
Roll (X): 5.48
Pitch (Y): 1.09
Yaw (Z): 5.85
Total Rotation Error Euler: 8.09
Total Rotation Error Matrix: 3.33
Translation Error Vector [x, y, z]: [-6.02, 4.51, -27.10] mm
Translation Error Magnitude: 28.13 mm

ADD Error Analysis:
ADD Error: 28.28
Point-wise distances: [     29.608      24.582      31.469      26.444      29.976      25.082       31.99      27.115]
Model diameter: 173.77 mm
10% threshold: 17.38 mm
Pose correct: False
Percentage of model diameter: 16.28
------------------------------
Frame 20:

Estimated Pose:
Rotation:
[   -0.47829     0.87613   -0.060306]
[    0.28741    0.091274    -0.95345]
[   -0.82984    -0.47336    -0.29546]
Roll (X): -121.97
Pitch (Y): 56.08
Yaw (Z): 149.00
Translation: [-48.53, 174.58, 885.89]

Ground Truth Pose:
Rotation:
[   -0.42662     0.90268   -0.056488]
[    0.31602    0.090254    -0.94446]
[   -0.84744    -0.42077    -0.32377]
Euler Angles (xyz, degrees):
Roll (X): -127.58
Pitch (Y): 57.93
Yaw (Z): 143.47
Translation: [-42.86, 172.20, 910.97]

Error Analysis:
Rotation Error (degrees):
Roll (X): 5.61
Pitch (Y): -1.85
Yaw (Z): 5.53
Total Rotation Error Euler: 8.09
Total Rotation Error Matrix: 3.64
Translation Error Vector [x, y, z]: [-5.66, 2.39, -25.08] mm
Translation Error Magnitude: 25.82 mm

ADD Error Analysis:
ADD Error: 26.03
Point-wise distances: [     24.798      22.161      30.717      28.145      23.619      21.248      29.926      27.598]
Model diameter: 173.77 mm
10% threshold: 17.38 mm
Pose correct: False
Percentage of model diameter: 14.98
------------------------------
Frame 21:

Estimated Pose:
Rotation:
[   -0.43734     0.89868    0.033298]
[   0.098447    0.084647    -0.99154]
[   -0.89389    -0.43036    -0.12549]
Roll (X): -106.26
Pitch (Y): 63.37
Yaw (Z): 167.31
Translation: [-50.84, 160.51, 874.71]

Ground Truth Pose:
Rotation:
[   -0.43093     0.90233   -0.011651]
[    0.18268    0.074582    -0.98035]
[   -0.88372    -0.42458    -0.19697]
Euler Angles (xyz, degrees):
Roll (X): -114.89
Pitch (Y): 62.09
Yaw (Z): 157.03
Translation: [-44.79, 159.35, 915.47]

Error Analysis:
Rotation Error (degrees):
Roll (X): 8.63
Pitch (Y): 1.27
Yaw (Z): 10.29
Total Rotation Error Euler: 13.49
Total Rotation Error Matrix: 4.89
Translation Error Vector [x, y, z]: [-6.05, 1.16, -40.76] mm
Translation Error Magnitude: 41.22 mm

ADD Error Analysis:
ADD Error: 41.48
Point-wise distances: [     44.162      37.108      44.988      37.908      45.069      38.164      45.695      38.727]
Model diameter: 173.77 mm
10% threshold: 17.38 mm
Pose correct: False
Percentage of model diameter: 23.87
------------------------------
Frame 22:

Estimated Pose:
Rotation:
[   -0.36405     0.93135   0.0072665]
[   0.090812    0.043259    -0.99493]
[   -0.92694    -0.36154    -0.10033]
Roll (X): -105.51
Pitch (Y): 67.96
Yaw (Z): 165.99
Translation: [-85.79, 157.17, 881.97]

Ground Truth Pose:
Rotation:
[   -0.39548     0.91845  -0.0090745]
[    0.15158    0.055523     -0.9869]
[    -0.9059    -0.39167    -0.16118]
Euler Angles (xyz, degrees):
Roll (X): -112.37
Pitch (Y): 64.94
Yaw (Z): 159.03
Translation: [-83.41, 153.88, 916.17]

Error Analysis:
Rotation Error (degrees):
Roll (X): 6.86
Pitch (Y): 3.02
Yaw (Z): 6.96
Total Rotation Error Euler: 10.23
Total Rotation Error Matrix: 4.11
Translation Error Vector [x, y, z]: [-2.38, 3.28, -34.20] mm
Translation Error Magnitude: 34.44 mm

ADD Error Analysis:
ADD Error: 34.64
Point-wise distances: [     38.635      32.928      35.027      29.339      39.741      34.145        36.4      30.882]
Model diameter: 173.77 mm
10% threshold: 17.38 mm
Pose correct: False
Percentage of model diameter: 19.93
------------------------------
Frame 23:

Estimated Pose:
Rotation:
[   -0.48652     0.87335   -0.023496]
[    0.17216    0.069472    -0.98262]
[   -0.85654    -0.48211    -0.18416]
Roll (X): -110.91
Pitch (Y): 58.93
Yaw (Z): 160.51
Translation: [-111.28, 160.53, 892.59]

Ground Truth Pose:
Rotation:
[   -0.45687     0.88955  -0.0016999]
[    0.20126     0.10151    -0.97428]
[   -0.86649    -0.44546    -0.22541]
Euler Angles (xyz, degrees):
Roll (X): -116.84
Pitch (Y): 60.05
Yaw (Z): 156.23
Translation: [-110.33, 160.07, 940.66]

Error Analysis:
Rotation Error (degrees):
Roll (X): 5.93
Pitch (Y): -1.12
Yaw (Z): 4.29
Total Rotation Error Euler: 7.41
Total Rotation Error Matrix: 3.29
Translation Error Vector [x, y, z]: [-0.95, 0.47, -48.07] mm
Translation Error Magnitude: 48.08 mm

ADD Error Analysis:
ADD Error: 48.18
Point-wise distances: [     48.688      44.837      52.444      48.709      47.472      43.786       51.54      47.983]
Model diameter: 173.77 mm
10% threshold: 17.38 mm
Pose correct: False
Percentage of model diameter: 27.73
------------------------------
Frame 24:

Estimated Pose:
Rotation:
[   -0.35562     0.93437   -0.022226]
[    0.31635    0.097956    -0.94357]
[   -0.87947    -0.34258    -0.33042]
Roll (X): -133.96
Pitch (Y): 61.58
Yaw (Z): 138.34
Translation: [-39.96, 237.58, 913.35]

Ground Truth Pose:
Rotation:
[   -0.34926     0.93685    0.019356]
[     0.3375     0.14504     -0.9301]
[   -0.87416    -0.31831    -0.36684]
Euler Angles (xyz, degrees):
Roll (X): -139.05
Pitch (Y): 60.94
Yaw (Z): 135.98
Translation: [-36.29, 235.96, 942.29]

Error Analysis:
Rotation Error (degrees):
Roll (X): 5.09
Pitch (Y): 0.63
Yaw (Z): 2.36
Total Rotation Error Euler: 5.65
Total Rotation Error Matrix: 3.25
Translation Error Vector [x, y, z]: [-3.67, 1.62, -28.94] mm
Translation Error Magnitude: 29.22 mm

ADD Error Analysis:
ADD Error: 29.44
Point-wise distances: [     29.625      26.611      31.693      28.845      29.844      26.976      32.287      29.607]
Model diameter: 173.77 mm
10% threshold: 17.38 mm
Pose correct: False
Percentage of model diameter: 16.94
------------------------------
Frame 25:

Estimated Pose:
Rotation:
[   -0.34385     0.93892    0.013785]
[     0.3994     0.15952    -0.90279]
[   -0.84985    -0.30492    -0.42986]
Roll (X): -144.65
Pitch (Y): 58.20
Yaw (Z): 130.73
Translation: [-0.70, 201.90, 910.98]

Ground Truth Pose:
Rotation:
[   -0.31689     0.94764    0.040295]
[    0.39685     0.17106    -0.90184]
[   -0.86149    -0.26978    -0.43027]
Euler Angles (xyz, degrees):
Roll (X): -147.91
Pitch (Y): 59.48
Yaw (Z): 128.61
Translation: [4.17, 201.20, 934.88]

Error Analysis:
Rotation Error (degrees):
Roll (X): 3.26
Pitch (Y): -1.29
Yaw (Z): 2.12
Total Rotation Error Euler: 4.10
Total Rotation Error Matrix: 2.15
Translation Error Vector [x, y, z]: [-4.87, 0.70, -23.90] mm
Translation Error Magnitude: 24.40 mm

ADD Error Analysis:
ADD Error: 24.48
Point-wise distances: [     22.705      22.983      26.554      26.877      21.952      22.533      25.828      26.409]
Model diameter: 173.77 mm
10% threshold: 17.38 mm
Pose correct: False
Percentage of model diameter: 14.09
------------------------------
Frame 26:

Estimated Pose:
Rotation:
[   -0.44146     0.89703    0.021145]
[    0.42159     0.22817    -0.87761]
[   -0.79207    -0.37852    -0.47891]
Roll (X): -141.68
Pitch (Y): 52.38
Yaw (Z): 136.32
Translation: [-15.65, 183.49, 934.35]

Ground Truth Pose:
Rotation:
[   -0.40891     0.91169    0.041134]
[    0.43037     0.23239    -0.87226]
[   -0.80477    -0.33896    -0.48737]
Euler Angles (xyz, degrees):
Roll (X): -145.18
Pitch (Y): 53.59
Yaw (Z): 133.53
Translation: [-11.17, 182.71, 956.50]

Error Analysis:
Rotation Error (degrees):
Roll (X): 3.50
Pitch (Y): -1.21
Yaw (Z): 2.78
Total Rotation Error Euler: 4.63
Total Rotation Error Matrix: 2.36
Translation Error Vector [x, y, z]: [-4.48, 0.78, -22.15] mm
Translation Error Magnitude: 22.61 mm

ADD Error Analysis:
ADD Error: 22.71
Point-wise distances: [      21.13      20.512      25.499      24.981      20.254      19.981      24.783      24.553]
Model diameter: 173.77 mm
10% threshold: 17.38 mm
Pose correct: False
Percentage of model diameter: 13.07
------------------------------
Frame 27:

Estimated Pose:
Rotation:
[   -0.42601     0.90321    0.052201]
[    0.44753     0.26053    -0.85548]
[   -0.78627    -0.34108     -0.5152]
Roll (X): -146.49
Pitch (Y): 51.84
Yaw (Z): 133.59
Translation: [-34.33, 210.07, 931.05]

Ground Truth Pose:
Rotation:
[   -0.42428     0.90281    0.070624]
[    0.45946     0.28182    -0.84234]
[   -0.78036    -0.32493    -0.53436]
Euler Angles (xyz, degrees):
Roll (X): -148.70
Pitch (Y): 51.29
Yaw (Z): 132.72
Translation: [-30.25, 209.02, 950.46]

Error Analysis:
Rotation Error (degrees):
Roll (X): 2.20
Pitch (Y): 0.55
Yaw (Z): 0.87
Total Rotation Error Euler: 2.43
Total Rotation Error Matrix: 1.60
Translation Error Vector [x, y, z]: [-4.08, 1.04, -19.41] mm
Translation Error Magnitude: 19.86 mm

ADD Error Analysis:
ADD Error: 19.94
Point-wise distances: [     19.659      18.161      21.115      19.709        20.1      18.675      21.703      20.372]
Model diameter: 173.77 mm
10% threshold: 17.38 mm
Pose correct: False
Percentage of model diameter: 11.47
------------------------------
Frame 28:

Estimated Pose:
Rotation:
[   -0.13888     0.98886    0.053596]
[    0.63198     0.13017    -0.76397]
[   -0.76244   -0.072232    -0.64302]
Roll (X): -173.59
Pitch (Y): 49.68
Yaw (Z): 102.39
Translation: [-78.41, 199.37, 898.73]

Ground Truth Pose:
Rotation:
[   -0.19035     0.98055    0.048673]
[    0.63914      0.1614      -0.752]
[   -0.74521    -0.11203    -0.65741]
Euler Angles (xyz, degrees):
Roll (X): -170.33
Pitch (Y): 48.18
Yaw (Z): 106.58
Translation: [-76.62, 196.06, 926.62]

Error Analysis:
Rotation Error (degrees):
Roll (X): -3.26
Pitch (Y): 1.50
Yaw (Z): -4.19
Total Rotation Error Euler: 5.52
Total Rotation Error Matrix: 3.08
Translation Error Vector [x, y, z]: [-1.79, 3.31, -27.89] mm
Translation Error Magnitude: 28.14 mm

ADD Error Analysis:
ADD Error: 28.31
Point-wise distances: [     30.828      29.294      25.972      24.531      31.992      30.543      27.329      25.996]
Model diameter: 173.77 mm
10% threshold: 17.38 mm
Pose correct: False
Percentage of model diameter: 16.29
------------------------------
Frame 29:

Estimated Pose:
Rotation:
[   -0.14279     0.98838    0.052162]
[    0.67171     0.13548    -0.72832]
[   -0.72693   -0.068958    -0.68325]
Roll (X): -174.24
Pitch (Y): 46.63
Yaw (Z): 102.00
Translation: [-83.98, 179.51, 892.93]

Ground Truth Pose:
Rotation:
[   -0.18063     0.98193     0.05705]
[    0.68078     0.16668    -0.71331]
[   -0.70992   -0.090006    -0.69857]
Euler Angles (xyz, degrees):
Roll (X): -172.66
Pitch (Y): 45.23
Yaw (Z): 104.86
Translation: [-82.09, 174.83, 916.12]

Error Analysis:
Rotation Error (degrees):
Roll (X): -1.58
Pitch (Y): 1.40
Yaw (Z): -2.86
Total Rotation Error Euler: 3.55
Total Rotation Error Matrix: 2.41
Translation Error Vector [x, y, z]: [-1.89, 4.67, -23.19] mm
Translation Error Magnitude: 23.73 mm

ADD Error Analysis:
ADD Error: 23.87
Point-wise distances: [     25.612      23.995      22.505      21.005      26.712      25.053      23.827      22.289]
Model diameter: 173.77 mm
10% threshold: 17.38 mm
Pose correct: False
Percentage of model diameter: 13.74
------------------------------
Frame 30:

Estimated Pose:
Rotation:
[   -0.17679     0.98064    0.084256]
[    0.70861     0.18623    -0.68058]
[    -0.6831   -0.060618    -0.72781]
Roll (X): -175.24
Pitch (Y): 43.09
Yaw (Z): 104.01
Translation: [-76.90, 224.09, 901.15]

Ground Truth Pose:
Rotation:
[   -0.22493     0.97201    0.068365]
[    0.72742     0.21419    -0.65195]
[   -0.64833   -0.096913    -0.75522]
Euler Angles (xyz, degrees):
Roll (X): -172.69
Pitch (Y): 40.41
Yaw (Z): 107.18
Translation: [-72.88, 217.81, 916.17]

Error Analysis:
Rotation Error (degrees):
Roll (X): -2.55
Pitch (Y): 2.67
Yaw (Z): -3.17
Total Rotation Error Euler: 4.87
Total Rotation Error Matrix: 3.55
Translation Error Vector [x, y, z]: [-4.02, 6.29, -15.02] mm
Translation Error Magnitude: 16.77 mm

ADD Error Analysis:
ADD Error: 17.09
Point-wise distances: [     20.758      17.017      15.856      12.173      21.763      18.406      16.945      13.797]
Model diameter: 173.77 mm
10% threshold: 17.38 mm
Pose correct: True
Percentage of model diameter: 9.83
------------------------------
Frame 31:

Estimated Pose:
Rotation:
[   -0.18271     0.97513     0.12544]
[    0.77007     0.22125    -0.59836]
[   -0.61124    -0.01273    -0.79135]
Roll (X): -179.08
Pitch (Y): 37.68
Yaw (Z): 103.35
Translation: [-90.21, 211.05, 920.55]

Ground Truth Pose:
Rotation:
[   -0.22019     0.96672     0.13059]
[    0.77847     0.25481     -0.5737]
[   -0.58787   -0.024658    -0.80864]
Euler Angles (xyz, degrees):
Roll (X): -178.25
Pitch (Y): 36.00
Yaw (Z): 105.79
Translation: [-85.25, 201.98, 926.72]

Error Analysis:
Rotation Error (degrees):
Roll (X): -0.82
Pitch (Y): 1.67
Yaw (Z): -2.44
Total Rotation Error Euler: 3.08
Total Rotation Error Matrix: 2.57
Translation Error Vector [x, y, z]: [-4.96, 9.07, -6.18] mm
Translation Error Magnitude: 12.05 mm

ADD Error Analysis:
ADD Error: 12.29
Point-wise distances: [     15.687      13.584      11.905      9.9846      14.911      12.396      11.179      8.7056]
Model diameter: 173.77 mm
10% threshold: 17.38 mm
Pose correct: True
Percentage of model diameter: 7.08
------------------------------
Frame 32:

Estimated Pose:
Rotation:
[   -0.17564     0.97167     0.15815]
[     0.7553     0.23604     -0.6114]
[   -0.63141    0.012066    -0.77536]
Roll (X): 179.11
Pitch (Y): 39.15
Yaw (Z): 103.09
Translation: [-98.11, 221.80, 928.59]

Ground Truth Pose:
Rotation:
[   -0.21444     0.96713     0.13701]
[    0.78068       0.254    -0.57107]
[   -0.58708   -0.015505    -0.80944]
Euler Angles (xyz, degrees):
Roll (X): -178.90
Pitch (Y): 35.95
Yaw (Z): 105.36
Translation: [-93.70, 212.51, 935.42]

Error Analysis:
Rotation Error (degrees):
Roll (X): 358.01
Pitch (Y): 3.21
Yaw (Z): -2.27
Total Rotation Error Euler: 358.03
Total Rotation Error Matrix: 3.66
Translation Error Vector [x, y, z]: [-4.41, 9.29, -6.83] mm
Translation Error Magnitude: 12.34 mm

ADD Error Analysis:
ADD Error: 12.80
Point-wise distances: [     17.161      12.119       14.22      9.4476      16.642      11.638      13.105       8.056]
Model diameter: 173.77 mm
10% threshold: 17.38 mm
Pose correct: True
Percentage of model diameter: 7.37
------------------------------
Frame 33:

Estimated Pose:
Rotation:
[   -0.27916     0.95028     0.13801]
[    0.72231     0.30251    -0.62189]
[   -0.63272   -0.073919    -0.77085]
Roll (X): -174.52
Pitch (Y): 39.25
Yaw (Z): 111.13
Translation: [-107.42, 232.66, 955.96]

Ground Truth Pose:
Rotation:
[   -0.27942     0.95138     0.12997]
[    0.74961     0.30072    -0.58969]
[   -0.60009   -0.067338    -0.79715]
Euler Angles (xyz, degrees):
Roll (X): -175.17
Pitch (Y): 36.87
Yaw (Z): 110.44
Translation: [-100.70, 220.30, 951.92]

Error Analysis:
Rotation Error (degrees):
Roll (X): 0.65
Pitch (Y): 2.38
Yaw (Z): 0.69
Total Rotation Error Euler: 2.56
Total Rotation Error Matrix: 2.35
Translation Error Vector [x, y, z]: [-6.72, 12.36, 4.03] mm
Translation Error Magnitude: 14.64 mm

ADD Error Analysis:
ADD Error: 14.80
Point-wise distances: [     17.354      15.507      17.389      15.393      14.287      11.994      14.456      11.999]
Model diameter: 173.77 mm
10% threshold: 17.38 mm
Pose correct: True
Percentage of model diameter: 8.52
------------------------------
Frame 34:

Estimated Pose:
Rotation:
[   -0.37962     0.92221    0.073596]
[    0.64792     0.32181    -0.69039]
[   -0.66037     -0.2144    -0.71968]
Roll (X): -163.41
Pitch (Y): 41.33
Yaw (Z): 120.37
Translation: [-84.20, 206.97, 955.55]

Ground Truth Pose:
Rotation:
[   -0.39941     0.91396    0.072406]
[    0.66451       0.343    -0.66398]
[   -0.63167    -0.21708     -0.7443]
Euler Angles (xyz, degrees):
Roll (X): -163.74
Pitch (Y): 39.17
Yaw (Z): 121.01
Translation: [-80.14, 202.03, 973.01]

Error Analysis:
Rotation Error (degrees):
Roll (X): 0.33
Pitch (Y): 2.16
Yaw (Z): -0.64
Total Rotation Error Euler: 2.27
Total Rotation Error Matrix: 2.23
Translation Error Vector [x, y, z]: [-4.06, 4.94, -17.46] mm
Translation Error Magnitude: 18.59 mm

ADD Error Analysis:
ADD Error: 18.73
Point-wise distances: [     19.883      16.991      18.551      15.812      21.475      18.709      20.483      17.915]
Model diameter: 173.77 mm
10% threshold: 17.38 mm
Pose correct: True
Percentage of model diameter: 10.78
------------------------------
Frame 35:

Estimated Pose:
Rotation:
[   -0.36839     0.92489    0.094137]
[    0.75879     0.35763    -0.54436]
[   -0.53714     -0.1291    -0.83355]
Roll (X): -171.20
Pitch (Y): 32.49
Yaw (Z): 115.90
Translation: [-113.29, 214.24, 966.47]

Ground Truth Pose:
Rotation:
[   -0.36401     0.92812     0.07863]
[    0.78571      0.3513    -0.50926]
[   -0.50026    -0.12359    -0.85706]
Euler Angles (xyz, degrees):
Roll (X): -171.79
Pitch (Y): 30.02
Yaw (Z): 114.86
Translation: [-106.96, 205.92, 968.74]

Error Analysis:
Rotation Error (degrees):
Roll (X): 0.60
Pitch (Y): 2.47
Yaw (Z): 1.04
Total Rotation Error Euler: 2.75
Total Rotation Error Matrix: 2.54
Translation Error Vector [x, y, z]: [-6.33, 8.32, -2.28] mm
Translation Error Magnitude: 10.70 mm

ADD Error Analysis:
ADD Error: 10.97
Point-wise distances: [     12.837       9.386      13.668       10.11      11.897      8.0639       12.83      8.9539]
Model diameter: 173.77 mm
10% threshold: 17.38 mm
Pose correct: True
Percentage of model diameter: 6.31
------------------------------
Frame 36:

Estimated Pose:
Rotation:
[   -0.30165     0.94187     0.14795]
[    0.81841      0.3354     -0.4666]
[   -0.48909   -0.019671    -0.87201]
Roll (X): -178.71
Pitch (Y): 29.28
Yaw (Z): 110.23
Translation: [-119.01, 243.00, 1004.66]

Ground Truth Pose:
Rotation:
[   -0.32125     0.94277     0.08985]
[    0.87329      0.3316    -0.35706]
[   -0.36641   -0.036239     -0.9298]
Euler Angles (xyz, degrees):
Roll (X): -177.77
Pitch (Y): 21.49
Yaw (Z): 110.20
Translation: [-111.21, 230.20, 999.00]

Error Analysis:
Rotation Error (degrees):
Roll (X): -0.94
Pitch (Y): 7.79
Yaw (Z): 0.04
Total Rotation Error Euler: 7.84
Total Rotation Error Matrix: 7.82
Translation Error Vector [x, y, z]: [-7.80, 12.80, 5.66] mm
Translation Error Magnitude: 16.02 mm

ADD Error Analysis:
ADD Error: 17.30
Point-wise distances: [     24.746      18.153      25.782      19.786      17.992      6.4809      18.073      7.3848]
Model diameter: 173.77 mm
10% threshold: 17.38 mm
Pose correct: True
Percentage of model diameter: 9.96
------------------------------
Frame 37:

Estimated Pose:
Rotation:
[  -0.052045     0.99509    0.084205]
[    0.88552    0.084966    -0.45676]
[   -0.46167    0.050793    -0.88559]
Roll (X): 176.72
Pitch (Y): 27.50
Yaw (Z): 93.36
Translation: [-22.08, 273.70, 956.70]

Ground Truth Pose:
Rotation:
[  -0.079803     0.99151     0.10312]
[    0.92007     0.11308     -0.3752]
[   -0.38367    0.064933    -0.92124]
Euler Angles (xyz, degrees):
Roll (X): 175.97
Pitch (Y): 22.56
Yaw (Z): 94.96
Translation: [-19.74, 261.97, 967.50]

Error Analysis:
Rotation Error (degrees):
Roll (X): 0.75
Pitch (Y): 4.94
Yaw (Z): -1.59
Total Rotation Error Euler: 5.24
Total Rotation Error Matrix: 5.29
Translation Error Vector [x, y, z]: [-2.34, 11.73, -10.79] mm
Translation Error Magnitude: 16.11 mm

ADD Error Analysis:
ADD Error: 16.91
Point-wise distances: [     20.461       13.06      18.376      11.112       21.78      14.742      20.999      14.759]
Model diameter: 173.77 mm
10% threshold: 17.38 mm
Pose correct: True
