Pose Errors for obj_000006
==================================================

Frame 0:

Estimated Pose:
Rotation:
[    -0.4892     0.84266     0.22497]
[    0.53876     0.49481    -0.68184]
[   -0.68587    -0.21234    -0.69605]
Roll (X): -163.03
Pitch (Y): 43.30
Yaw (Z): 132.24
Translation: [172.40, -282.92, 1314.10]

Ground Truth Pose:
Rotation:
[    0.43768    -0.87971    -0.18619]
[    -0.8019    -0.28816     -0.5235]
[    0.40687     0.37842     -0.8315]
Euler Angles (xyz, degrees):
Roll (X): 155.53
Pitch (Y): -24.01
Yaw (Z): -61.38
Translation: [171.35, -296.82, 1308.66]

Error Analysis:
Rotation Error (degrees):
Roll (X): -318.57
Pitch (Y): 67.31
Yaw (Z): 193.61
Total Rotation Error Euler: 378.82
Total Rotation Error Matrix: 176.21
Translation Error Vector [x, y, z]: [1.05, 13.90, 5.44] mm
Translation Error Magnitude: 14.97 mm

ADD Error Analysis:
ADD Error: 89.59
Point-wise distances: [     14.978      147.21      144.26      97.168       106.5      50.647      39.788      101.23      104.55]
Model diameter: 154.50 mm
10% threshold: 15.45 mm
Pose correct: False
Percentage of model diameter: 57.99
------------------------------
Frame 1:

Estimated Pose:
Rotation:
[   -0.43593      0.8851     0.16296]
[    0.45651     0.37351    -0.80752]
[   -0.77561    -0.27763    -0.56688]
Roll (X): -153.91
Pitch (Y): 50.86
Yaw (Z): 133.68
Translation: [117.86, -256.40, 1357.41]

Ground Truth Pose:
Rotation:
[     0.4121    -0.90124     -0.1344]
[   -0.82554    -0.30683    -0.47379]
[    0.38575     0.30619    -0.87038]
Euler Angles (xyz, degrees):
Roll (X): 160.62
Pitch (Y): -22.69
Yaw (Z): -63.47
Translation: [112.55, -254.09, 1295.90]

Error Analysis:
Rotation Error (degrees):
Roll (X): -314.53
Pitch (Y): 73.55
Yaw (Z): 197.15
Total Rotation Error Euler: 378.42
Total Rotation Error Matrix: 178.11
Translation Error Vector [x, y, z]: [5.32, -2.31, 61.51] mm
Translation Error Magnitude: 61.78 mm

ADD Error Analysis:
ADD Error: 105.93
Point-wise distances: [     61.756      149.72      155.19       73.89      145.99      67.121       82.43      133.69      83.569]
Model diameter: 154.50 mm
10% threshold: 15.45 mm
Pose correct: False
Percentage of model diameter: 68.56
------------------------------
Frame 2:

Estimated Pose:
Rotation:
[   -0.36022     0.92081     0.14949]
[    0.39921     0.29699    -0.86743]
[   -0.84313    -0.25279    -0.47458]
Roll (X): -151.96
Pitch (Y): 57.47
Yaw (Z): 132.06
Translation: [117.80, -271.05, 1310.48]

Ground Truth Pose:
Rotation:
[    0.39676    -0.90754    -0.13809]
[   -0.86126    -0.31593    -0.39821]
[    0.31775     0.27692     -0.9069]
Euler Angles (xyz, degrees):
Roll (X): 163.02
Pitch (Y): -18.53
Yaw (Z): -65.27
Translation: [115.96, -274.23, 1279.46]

Error Analysis:
Rotation Error (degrees):
Roll (X): -314.98
Pitch (Y): 76.00
Yaw (Z): 197.33
Total Rotation Error Euler: 379.38
Total Rotation Error Matrix: 178.18
Translation Error Vector [x, y, z]: [1.84, 3.18, 31.02] mm
Translation Error Magnitude: 31.24 mm

ADD Error Analysis:
ADD Error: 91.94
Point-wise distances: [      31.22      144.13      145.25      94.327      129.04      48.296      50.594      101.31       83.29]
Model diameter: 154.50 mm
10% threshold: 15.45 mm
Pose correct: False
Percentage of model diameter: 59.51
------------------------------
Frame 3:

Estimated Pose:
Rotation:
[   -0.25911     0.95075      0.1701]
[    0.27063     0.24052    -0.93215]
[   -0.92716    -0.19549    -0.31963]
Roll (X): -148.55
Pitch (Y): 68.00
Yaw (Z): 133.75
Translation: [113.70, -301.03, 1205.05]

Ground Truth Pose:
Rotation:
[    0.29704    -0.93722    -0.18307]
[     -0.938    -0.25041       -0.24]
[    0.17909       0.243    -0.95341]
Euler Angles (xyz, degrees):
Roll (X): 165.70
Pitch (Y): -10.32
Yaw (Z): -72.43
Translation: [115.28, -313.65, 1219.61]

Error Analysis:
Rotation Error (degrees):
Roll (X): -314.25
Pitch (Y): 78.31
Yaw (Z): 206.18
Total Rotation Error Euler: 383.92
Total Rotation Error Matrix: 177.67
Translation Error Vector [x, y, z]: [-1.58, 12.62, -14.56] mm
Translation Error Magnitude: 19.34 mm

ADD Error Analysis:
ADD Error: 92.46
Point-wise distances: [     19.367      161.78      139.32      139.25      111.96      38.785      41.756      81.054      98.916]
Model diameter: 154.50 mm
10% threshold: 15.45 mm
Pose correct: False
Percentage of model diameter: 59.85
------------------------------
Frame 4:

Estimated Pose:
Rotation:
[   -0.24141     0.96844    0.062021]
[    0.30511     0.13641     -0.9425]
[   -0.92121     -0.2086    -0.32841]
Roll (X): -147.58
Pitch (Y): 67.10
Yaw (Z): 128.35
Translation: [10.68, -243.23, 1180.41]

Ground Truth Pose:
Rotation:
[    0.31476    -0.94454   -0.094304]
[   -0.92331    -0.28158    -0.26144]
[    0.22039     0.16936    -0.96066]
Euler Angles (xyz, degrees):
Roll (X): 170.00
Pitch (Y): -12.73
Yaw (Z): -71.18
Translation: [11.32, -252.57, 1185.56]

Error Analysis:
Rotation Error (degrees):
Roll (X): -317.58
Pitch (Y): 79.84
Yaw (Z): 199.53
Total Rotation Error Euler: 383.46
Total Rotation Error Matrix: 175.25
Translation Error Vector [x, y, z]: [-0.64, 9.34, -5.15] mm
Translation Error Magnitude: 10.69 mm

ADD Error Analysis:
ADD Error: 87.21
Point-wise distances: [     10.721      151.49      137.35      130.54      117.62      31.681      43.384      72.033      90.061]
Model diameter: 154.50 mm
10% threshold: 15.45 mm
Pose correct: False
Percentage of model diameter: 56.45
------------------------------
Frame 5:

Estimated Pose:
Rotation:
[   -0.37334     0.92388    0.084061]
[    0.18531     0.16306    -0.96906]
[     -0.909    -0.34621    -0.23208]
Roll (X): -123.84
Pitch (Y): 65.37
Yaw (Z): 153.60
Translation: [31.05, -303.62, 1115.96]

Ground Truth Pose:
Rotation:
[    0.41327    -0.90488    -0.10257]
[   -0.90465    -0.39498    -0.16048]
[     0.1047     0.15911    -0.98175]
Euler Angles (xyz, degrees):
Roll (X): 170.79
Pitch (Y): -6.01
Yaw (Z): -65.45
Translation: [31.70, -309.83, 1112.92]

Error Analysis:
Rotation Error (degrees):
Roll (X): -294.63
Pitch (Y): 71.38
Yaw (Z): 219.05
Total Rotation Error Euler: 374.01
Total Rotation Error Matrix: 177.35
Translation Error Vector [x, y, z]: [-0.65, 6.21, 3.04] mm
Translation Error Magnitude: 6.95 mm

ADD Error Analysis:
ADD Error: 86.86
Point-wise distances: [     6.9586       147.7      137.45      130.75      123.17      41.557      51.968      63.129      79.057]
Model diameter: 154.50 mm
10% threshold: 15.45 mm
Pose correct: False
Percentage of model diameter: 56.22
------------------------------
Frame 6:

Estimated Pose:
Rotation:
[   -0.37685     0.92434     0.05977]
[    0.19399     0.14186    -0.97069]
[   -0.90573    -0.35421    -0.23278]
Roll (X): -123.31
Pitch (Y): 64.92
Yaw (Z): 152.76
Translation: [7.08, -265.57, 1151.47]

Ground Truth Pose:
Rotation:
[    0.42863    -0.90007   -0.079147]
[   -0.89357    -0.40927    -0.18489]
[    0.13402     0.14997    -0.97962]
Euler Angles (xyz, degrees):
Roll (X): 171.30
Pitch (Y): -7.70
Yaw (Z): -64.37
Translation: [7.38, -274.64, 1160.37]

Error Analysis:
Rotation Error (degrees):
Roll (X): -294.61
Pitch (Y): 72.62
Yaw (Z): 217.14
Total Rotation Error Euler: 373.12
Total Rotation Error Matrix: 176.68
Translation Error Vector [x, y, z]: [-0.30, 9.07, -8.90] mm
Translation Error Magnitude: 12.71 mm

ADD Error Analysis:
ADD Error: 87.61
Point-wise distances: [     12.743      148.44      136.16      140.27      118.09      30.852      59.519      57.091      85.332]
Model diameter: 154.50 mm
10% threshold: 15.45 mm
Pose correct: False
Percentage of model diameter: 56.71
------------------------------
Frame 7:

Estimated Pose:
Rotation:
[   -0.34477     0.93782    0.040263]
[    0.21386     0.12024    -0.96943]
[     -0.914    -0.32562    -0.24202]
Roll (X): -126.62
Pitch (Y): 66.06
Yaw (Z): 148.19
Translation: [-17.72, -251.54, 1182.48]

Ground Truth Pose:
Rotation:
[    0.40997    -0.91065   -0.052554]
[   -0.90165    -0.39584    -0.17458]
[    0.13817     0.11896    -0.98329]
Euler Angles (xyz, degrees):
Roll (X): 173.10
Pitch (Y): -7.94
Yaw (Z): -65.55
Translation: [-16.80, -259.19, 1185.53]

Error Analysis:
Rotation Error (degrees):
Roll (X): -299.72
Pitch (Y): 74.01
Yaw (Z): 213.74
Total Rotation Error Euler: 375.49
Total Rotation Error Matrix: 176.25
Translation Error Vector [x, y, z]: [-0.92, 7.66, -3.05] mm
Translation Error Magnitude: 8.29 mm

ADD Error Analysis:
ADD Error: 86.25
Point-wise distances: [     8.3228      147.02      135.23      135.15      121.29      33.611      56.081      58.525      81.013]
Model diameter: 154.50 mm
10% threshold: 15.45 mm
Pose correct: False
Percentage of model diameter: 55.83
------------------------------
Frame 8:

Estimated Pose:
Rotation:
[   -0.23929     0.97092  -0.0074089]
[   0.081196    0.012406    -0.99662]
[   -0.96755    -0.23908   -0.081804]
Roll (X): -108.89
Pitch (Y): 75.36
Yaw (Z): 161.26
Translation: [-81.20, -227.24, 1165.12]

Ground Truth Pose:
Rotation:
[    0.30627    -0.95189   -0.015309]
[   -0.95056    -0.30487   -0.060291]
[   0.052725    0.033025    -0.99812]
Euler Angles (xyz, degrees):
Roll (X): 178.11
Pitch (Y): -3.02
Yaw (Z): -72.14
Translation: [-78.87, -232.62, 1156.54]

Error Analysis:
Rotation Error (degrees):
Roll (X): -286.99
Pitch (Y): 78.39
Yaw (Z): 233.40
Total Rotation Error Euler: 378.13
Total Rotation Error Matrix: 176.16
Translation Error Vector [x, y, z]: [-2.33, 5.39, 8.58] mm
Translation Error Magnitude: 10.40 mm

ADD Error Analysis:
ADD Error: 89.93
Point-wise distances: [     10.394      151.86      138.04      131.56      127.98      57.742      55.526      64.658      71.621]
Model diameter: 154.50 mm
10% threshold: 15.45 mm
Pose correct: False
Percentage of model diameter: 58.21
------------------------------
Frame 9:

Estimated Pose:
Rotation:
[   -0.22419      0.9739    0.035582]
[   0.092969    0.057717    -0.99399]
[    -0.9701    -0.21953    -0.10348]
Roll (X): -115.24
Pitch (Y): 75.95
Yaw (Z): 157.48
Translation: [-42.10, -232.20, 1110.95]

Ground Truth Pose:
Rotation:
[    0.36464    -0.92801   -0.077224]
[   -0.93058    -0.36623   0.0069863]
[   -0.03476     0.06932    -0.99704]
Euler Angles (xyz, degrees):
Roll (X): 176.02
Pitch (Y): 1.99
Yaw (Z): -68.60
Translation: [-40.84, -238.98, 1113.85]

Error Analysis:
Rotation Error (degrees):
Roll (X): -291.26
Pitch (Y): 73.96
Yaw (Z): 226.08
Total Rotation Error Euler: 376.05
Total Rotation Error Matrix: 172.14
Translation Error Vector [x, y, z]: [-1.26, 6.78, -2.90] mm
Translation Error Magnitude: 7.48 mm

ADD Error Analysis:
ADD Error: 91.48
Point-wise distances: [     7.5107      157.24      137.34      140.96       122.3      52.302      61.536      67.399      76.713]
Model diameter: 154.50 mm
10% threshold: 15.45 mm
Pose correct: False
Percentage of model diameter: 59.21
------------------------------
Frame 10:

Estimated Pose:
Rotation:
[   -0.27543     0.96112    0.019386]
[   0.086907    0.044978     -0.9952]
[   -0.95738    -0.27243   -0.095917]
Roll (X): -109.40
Pitch (Y): 73.21
Yaw (Z): 162.49
Translation: [-36.31, -241.77, 1132.06]

Ground Truth Pose:
Rotation:
[    0.37254    -0.92532   -0.071569]
[   -0.92809    -0.37113   -0.032626]
[  0.0036319     0.07858    -0.99696]
Euler Angles (xyz, degrees):
Roll (X): 175.49
Pitch (Y): -0.21
Yaw (Z): -68.13
Translation: [-35.06, -248.07, 1132.08]

Error Analysis:
Rotation Error (degrees):
Roll (X): -284.89
Pitch (Y): 73.42
Yaw (Z): 230.62
Total Rotation Error Euler: 373.82
Total Rotation Error Matrix: 173.59
Translation Error Vector [x, y, z]: [-1.25, 6.30, -0.02] mm
Translation Error Magnitude: 6.42 mm

ADD Error Analysis:
ADD Error: 89.95
Point-wise distances: [     6.4482      153.78      136.96      138.45      123.69      51.735      60.978      62.917      74.555]
Model diameter: 154.50 mm
10% threshold: 15.45 mm
Pose correct: False
Percentage of model diameter: 58.22
------------------------------
Frame 11:

Estimated Pose:
Rotation:
[   -0.51065     0.85089     0.12338]
[    0.29353     0.30741    -0.90517]
[   -0.80813    -0.42602    -0.40674]
Roll (X): -133.67
Pitch (Y): 53.91
Yaw (Z): 150.11
Translation: [86.51, -188.77, 1191.09]

Ground Truth Pose:
Rotation:
[    0.54148      -0.825    -0.16219]
[   -0.81789    -0.47209    -0.32914]
[    0.19497     0.31086    -0.93031]
Euler Angles (xyz, degrees):
Roll (X): 161.52
Pitch (Y): -11.24
Yaw (Z): -56.49
Translation: [87.76, -198.74, 1204.49]

Error Analysis:
Rotation Error (degrees):
Roll (X): -295.20
Pitch (Y): 65.16
Yaw (Z): 206.60
Total Rotation Error Euler: 366.16
Total Rotation Error Matrix: 177.06
Translation Error Vector [x, y, z]: [-1.26, 9.96, -13.39] mm
Translation Error Magnitude: 16.74 mm

ADD Error Analysis:
ADD Error: 87.11
Point-wise distances: [     16.767      143.99      138.78      133.91      113.11      26.183      52.217      62.175       96.89]
Model diameter: 154.50 mm
10% threshold: 15.45 mm
Pose correct: False
Percentage of model diameter: 56.39
------------------------------
Frame 12:

Estimated Pose:
Rotation:
[   -0.50215     0.85507     0.12922]
[    0.39839     0.36136    -0.84303]
[   -0.76755    -0.37185    -0.52211]
Roll (X): -144.54
Pitch (Y): 50.13
Yaw (Z): 141.57
Translation: [106.40, -184.65, 1256.63]

Ground Truth Pose:
Rotation:
[     0.5649    -0.80584    -0.17786]
[   -0.78076    -0.45206    -0.43151]
[    0.26732     0.38261    -0.88446]
Euler Angles (xyz, degrees):
Roll (X): 156.61
Pitch (Y): -15.50
Yaw (Z): -54.11
Translation: [106.02, -192.65, 1247.52]

Error Analysis:
Rotation Error (degrees):
Roll (X): -301.15
Pitch (Y): 65.64
Yaw (Z): 195.69
Total Rotation Error Euler: 365.09
Total Rotation Error Matrix: 174.87
Translation Error Vector [x, y, z]: [0.37, 8.00, 9.11] mm
Translation Error Magnitude: 12.13 mm

ADD Error Analysis:
ADD Error: 85.48
Point-wise distances: [     12.128      141.72      138.67      107.91      119.36      30.484      43.585      85.423      90.054]
Model diameter: 154.50 mm
10% threshold: 15.45 mm
Pose correct: False
Percentage of model diameter: 55.33
------------------------------
Frame 13:

Estimated Pose:
Rotation:
[   -0.41767     0.89511     0.15595]
[    0.51072     0.37325     -0.7745]
[   -0.75147    -0.24384    -0.61305]
Roll (X): -158.31
Pitch (Y): 48.72
Yaw (Z): 129.28
Translation: [134.95, -156.33, 1256.22]

Ground Truth Pose:
Rotation:
[    0.48401    -0.84547    -0.22591]
[   -0.78822    -0.30899    -0.53233]
[    0.38025      0.4357    -0.81591]
Euler Angles (xyz, degrees):
Roll (X): 151.90
Pitch (Y): -22.35
Yaw (Z): -58.45
Translation: [135.20, -167.80, 1261.79]

Error Analysis:
Rotation Error (degrees):
Roll (X): -310.21
Pitch (Y): 71.07
Yaw (Z): 187.73
Total Rotation Error Euler: 369.49
Total Rotation Error Matrix: 174.74
Translation Error Vector [x, y, z]: [-0.25, 11.47, -5.57] mm
Translation Error Magnitude: 12.76 mm

ADD Error Analysis:
ADD Error: 88.23
Point-wise distances: [     12.783      147.36      142.25      106.62      107.04      45.856       34.43      92.617      105.14]
Model diameter: 154.50 mm
10% threshold: 15.45 mm
Pose correct: False
Percentage of model diameter: 57.11
------------------------------
Frame 14:

Estimated Pose:
Rotation:
[   -0.44717     0.85951     0.24753]
[    0.56883     0.48685    -0.66288]
[   -0.69026    -0.15561    -0.70662]
Roll (X): -167.58
Pitch (Y): 43.65
Yaw (Z): 128.17
Translation: [154.44, -122.28, 1306.07]

Ground Truth Pose:
Rotation:
[    0.45382    -0.85682    -0.24503]
[   -0.76269    -0.23118    -0.60415]
[    0.46098     0.46103    -0.75834]
Euler Angles (xyz, degrees):
Roll (X): 148.70
Pitch (Y): -27.45
Yaw (Z): -59.25
Translation: [148.86, -130.07, 1270.46]

Error Analysis:
Rotation Error (degrees):
Roll (X): -316.28
Pitch (Y): 71.10
Yaw (Z): 187.42
Total Rotation Error Euler: 374.45
Total Rotation Error Matrix: nan
Translation Error Vector [x, y, z]: [5.58, 7.79, 35.62] mm
Translation Error Magnitude: 36.88 mm

ADD Error Analysis:
ADD Error: 97.72
Point-wise distances: [     36.866      153.08      149.97      71.528       116.2      58.503      67.096      131.13      95.132]
Model diameter: 154.50 mm
10% threshold: 15.45 mm
Pose correct: False
Percentage of model diameter: 63.25
------------------------------
Frame 15:

Estimated Pose:
Rotation:
[    -0.3554     0.89794      0.2596]
[    0.63197     0.43547    -0.64108]
[    -0.6887   -0.063782    -0.72224]
Roll (X): -174.95
Pitch (Y): 43.53
Yaw (Z): 119.35
Translation: [141.42, -57.30, 1324.42]

Ground Truth Pose:
Rotation:
[    0.42043    -0.86851    -0.26278]
[   -0.71905    -0.14222    -0.68035]
[     0.5535     0.47497    -0.68424]
Euler Angles (xyz, degrees):
Roll (X): 145.23
Pitch (Y): -33.61
Yaw (Z): -59.69
Translation: [134.98, -66.69, 1275.31]

Error Analysis:
Rotation Error (degrees):
Roll (X): -320.19
Pitch (Y): 77.13
Yaw (Z): 179.04
Total Rotation Error Euler: 374.87
Total Rotation Error Matrix: 175.95
Translation Error Vector [x, y, z]: [6.44, 9.39, 49.10] mm
Translation Error Magnitude: 50.41 mm

ADD Error Analysis:
ADD Error: 104.75
Point-wise distances: [     50.389      158.07      155.01      62.051      118.57      67.867      86.487      147.59      96.716]
Model diameter: 154.50 mm
10% threshold: 15.45 mm
Pose correct: False
Percentage of model diameter: 67.80
------------------------------
Frame 16:

Estimated Pose:
Rotation:
[   -0.37781     0.89575     0.23428]
[     0.6737     0.43953    -0.59409]
[   -0.63513   -0.066621    -0.76953]
Roll (X): -175.05
Pitch (Y): 39.43
Yaw (Z): 119.28
Translation: [131.32, -105.67, 1353.51]

Ground Truth Pose:
Rotation:
[    0.44776    -0.86809    -0.21458]
[   -0.68659    -0.17999     -0.7045]
[    0.57294     0.46276    -0.67656]
Euler Angles (xyz, degrees):
Roll (X): 145.63
Pitch (Y): -34.95
Yaw (Z): -56.89
Translation: [128.44, -115.34, 1318.49]

Error Analysis:
Rotation Error (degrees):
Roll (X): -320.68
Pitch (Y): 74.38
Yaw (Z): 176.17
Total Rotation Error Euler: 373.37
Total Rotation Error Matrix: 175.65
Translation Error Vector [x, y, z]: [2.88, 9.67, 35.02] mm
Translation Error Magnitude: 36.44 mm

ADD Error Analysis:
ADD Error: 98.54
Point-wise distances: [      36.43      154.91      147.91        60.3      113.04      60.908      77.441      139.52      96.411]
Model diameter: 154.50 mm
10% threshold: 15.45 mm
Pose correct: False
Percentage of model diameter: 63.78
------------------------------
Frame 17:

Estimated Pose:
Rotation:
[  -0.068583     0.98538     0.15596]
[    0.89177     0.13064    -0.43322]
[   -0.44726     0.10937    -0.88769]
Roll (X): 172.98
Pitch (Y): 26.57
Yaw (Z): 94.40
Translation: [102.15, -118.08, 1394.57]

Ground Truth Pose:
Rotation:
[    0.41155    -0.88424    -0.22107]
[   -0.69784    -0.14965    -0.70053]
[    0.58633     0.44256     -0.6786]
Euler Angles (xyz, degrees):
Roll (X): 146.89
Pitch (Y): -35.90
Yaw (Z): -59.47
Translation: [102.93, -132.50, 1349.95]

Error Analysis:
Rotation Error (degrees):
Roll (X): 26.09
Pitch (Y): 62.46
Yaw (Z): 153.87
Total Rotation Error Euler: 168.10
Total Rotation Error Matrix: 160.38
Translation Error Vector [x, y, z]: [-0.77, 14.42, 44.61] mm
Translation Error Magnitude: 46.89 mm

ADD Error Analysis:
ADD Error: 103.69
Point-wise distances: [     46.885      157.15      143.66      57.485      118.08      69.904       92.75      147.87       99.39]
Model diameter: 154.50 mm
10% threshold: 15.45 mm
Pose correct: False
Percentage of model diameter: 67.11
------------------------------
Frame 18:

Estimated Pose:
Rotation:
[   -0.13765     0.98045     0.14063]
[    0.88989     0.18476    -0.41708]
[    -0.4349    0.067733    -0.89793]
Roll (X): 175.69
Pitch (Y): 25.78
Yaw (Z): 98.79
Translation: [205.43, 99.20, 1319.91]

Ground Truth Pose:
Rotation:
[    0.40441     -0.9033    -0.14362]
[   -0.41073    -0.03903    -0.91098]
[    0.81725     0.42739    -0.38677]
Euler Angles (xyz, degrees):
Roll (X): 132.14
Pitch (Y): -54.81
Yaw (Z): -45.44
Translation: [216.35, 83.58, 1369.34]

Error Analysis:
Rotation Error (degrees):
Roll (X): 43.54
Pitch (Y): 80.59
Yaw (Z): 144.24
Total Rotation Error Euler: 170.86
Total Rotation Error Matrix: 165.18
Translation Error Vector [x, y, z]: [-10.92, 15.61, -49.42] mm
Translation Error Magnitude: 52.97 mm

ADD Error Analysis:
ADD Error: 107.42
Point-wise distances: [     52.994      155.87       141.6       73.42      124.04      121.98      49.171      112.75      134.96]
Model diameter: 154.50 mm
10% threshold: 15.45 mm
Pose correct: False
Percentage of model diameter: 69.53
------------------------------
Frame 19:

Estimated Pose:
Rotation:
[    -0.3728     0.89559     0.24276]
[    0.84402     0.43599    -0.31232]
[   -0.38555    0.088461    -0.91843]
Roll (X): 174.50
Pitch (Y): 22.68
Yaw (Z): 113.83
Translation: [137.29, 90.25, 1254.52]

Ground Truth Pose:
Rotation:
[    0.34292    -0.92604    -0.15803]
[   -0.40932   0.0041434    -0.91245]
[    0.84559     0.37757     -0.3776]
Euler Angles (xyz, degrees):
Roll (X): 135.00
Pitch (Y): -57.73
Yaw (Z): -50.04
Translation: [151.02, 77.65, 1387.77]

Error Analysis:
Rotation Error (degrees):
Roll (X): 39.50
Pitch (Y): 80.41
Yaw (Z): 163.88
Total Rotation Error Euler: 186.76
Total Rotation Error Matrix: nan
Translation Error Vector [x, y, z]: [-13.73, 12.60, -133.24] mm
Translation Error Magnitude: 134.54 mm

ADD Error Analysis:
ADD Error: 162.84
Point-wise distances: [     134.56      198.46      191.64      148.12      172.17      199.26      89.627      128.31      203.42]
Model diameter: 154.50 mm
10% threshold: 15.45 mm
Pose correct: False
Percentage of model diameter: 105.40
------------------------------
Frame 20:

Estimated Pose:
Rotation:
[    0.95191    0.076245     0.29673]
[    0.17547    -0.92962    -0.32406]
[    0.25113     0.36055     -0.8983]
Roll (X): 158.13
Pitch (Y): -14.54
Yaw (Z): 10.44
Translation: [176.87, 105.41, 1357.90]

Ground Truth Pose:
Rotation:
[    0.40516    -0.89914    -0.16589]
[   -0.45564   -0.041238    -0.88927]
[    0.79271     0.43587    -0.42636]
Euler Angles (xyz, degrees):
Roll (X): 134.37
Pitch (Y): -52.44
Yaw (Z): -48.36
Translation: [156.23, 58.52, 1390.38]

Error Analysis:
Rotation Error (degrees):
Roll (X): 23.76
Pitch (Y): 37.89
Yaw (Z): 58.80
Total Rotation Error Euler: 73.88
Total Rotation Error Matrix: 82.71
Translation Error Vector [x, y, z]: [20.64, 46.89, -32.48] mm
Translation Error Magnitude: 60.66 mm

ADD Error Analysis:
ADD Error: 81.79
Point-wise distances: [     60.671      100.44          92      43.962         122      122.53      17.175      72.049      105.28]
Model diameter: 154.50 mm
10% threshold: 15.45 mm
Pose correct: False
Percentage of model diameter: 52.94
------------------------------
Frame 21:

Estimated Pose:
Rotation:
[   -0.70348     0.66391     0.25365]
[    0.52789     0.72707    -0.43897]
[   -0.47586    -0.17491    -0.86195]
Roll (X): -168.53
Pitch (Y): 28.42
Yaw (Z): 143.12
Translation: [194.94, -5.25, 1139.80]

Ground Truth Pose:
Rotation:
[     0.4027    -0.91166   -0.082657]
[    -0.6861    -0.24081    -0.68658]
[    0.60601     0.33319    -0.72241]
Euler Angles (xyz, degrees):
Roll (X): 155.24
Pitch (Y): -37.30
Yaw (Z): -59.59
Translation: [224.92, -35.29, 1350.83]

Error Analysis:
Rotation Error (degrees):
Roll (X): -323.77
Pitch (Y): 65.71
Yaw (Z): 202.71
Total Rotation Error Euler: 387.60
Total Rotation Error Matrix: 159.18
Translation Error Vector [x, y, z]: [-29.98, 30.04, -211.04] mm
Translation Error Magnitude: 215.26 mm

ADD Error Analysis:
ADD Error: 233.72
Point-wise distances: [     215.28      258.14      256.95      262.76      220.24      251.43      181.17      176.97      280.57]
Model diameter: 154.50 mm
10% threshold: 15.45 mm
Pose correct: False
Percentage of model diameter: 151.28
------------------------------
Frame 22:

Estimated Pose:
Rotation:
[   -0.23468     0.97093    0.047159]
[    0.72682     0.20748    -0.65474]
[   -0.64549    -0.11938    -0.75438]
Roll (X): -171.01
Pitch (Y): 40.20
Yaw (Z): 107.89
Translation: [55.04, -129.61, 1318.70]

Ground Truth Pose:
Rotation:
[     0.1701    -0.98468   -0.040012]
[   -0.82967    -0.12117    -0.54507]
[    0.53185     0.12592     -0.8375]
Euler Angles (xyz, degrees):
Roll (X): 171.45
Pitch (Y): -32.13
Yaw (Z): -78.42
Translation: [55.66, -145.41, 1311.74]

Error Analysis:
Rotation Error (degrees):
Roll (X): -342.46
Pitch (Y): 72.33
Yaw (Z): 186.31
Total Rotation Error Euler: 396.51
Total Rotation Error Matrix: 176.23
Translation Error Vector [x, y, z]: [-0.62, 15.80, 6.97] mm
Translation Error Magnitude: 17.28 mm

ADD Error Analysis:
ADD Error: 88.78
Point-wise distances: [     17.292      138.71      135.67      92.688      116.04      43.956      53.271      99.479      101.93]
Model diameter: 154.50 mm
10% threshold: 15.45 mm
Pose correct: False
Percentage of model diameter: 57.47
------------------------------
Frame 23:

Estimated Pose:
Rotation:
[    -0.1884     0.98098     0.04678]
[    0.64435     0.15942    -0.74793]
[   -0.74116    -0.11077    -0.66213]
Roll (X): -170.50
Pitch (Y): 47.83
Yaw (Z): 106.30
Translation: [46.32, -179.90, 1316.82]

Ground Truth Pose:
Rotation:
[    0.16311    -0.98624   -0.029276]
[   -0.85881     -0.1273    -0.49636]
[    0.48579     0.10611    -0.86768]
Euler Angles (xyz, degrees):
Roll (X): 173.03
Pitch (Y): -29.06
Yaw (Z): -79.25
Translation: [45.08, -188.20, 1282.51]

Error Analysis:
Rotation Error (degrees):
Roll (X): -343.53
Pitch (Y): 76.89
Yaw (Z): 185.55
Total Rotation Error Euler: 397.94
Total Rotation Error Matrix: 178.47
Translation Error Vector [x, y, z]: [1.24, 8.29, 34.31] mm
Translation Error Magnitude: 35.32 mm

ADD Error Analysis:
ADD Error: 93.78
Point-wise distances: [     35.308      136.61      145.57      86.558      124.07      43.275      69.963      110.49      92.183]
Model diameter: 154.50 mm
10% threshold: 15.45 mm
Pose correct: False
Percentage of model diameter: 60.70
------------------------------
Frame 24:

Estimated Pose:
Rotation:
[  -0.091488     0.99559   -0.020738]
[    0.47566    0.025396    -0.87926]
[   -0.87486   -0.090306    -0.47589]
Roll (X): -169.26
Pitch (Y): 61.03
Yaw (Z): 100.89
Translation: [74.58, -160.07, 1242.67]

Ground Truth Pose:
Rotation:
[    0.20906    -0.97749   -0.030652]
[   -0.88747    -0.17645    -0.42592]
[    0.41091     0.11625     -0.9043]
Euler Angles (xyz, degrees):
Roll (X): 172.68
Pitch (Y): -24.26
Yaw (Z): -76.75
Translation: [77.71, -168.15, 1249.02]

Error Analysis:
Rotation Error (degrees):
Roll (X): -341.93
Pitch (Y): 85.29
Yaw (Z): 177.63
Total Rotation Error Euler: 394.65
Total Rotation Error Matrix: 172.62
Translation Error Vector [x, y, z]: [-3.14, 8.09, -6.34] mm
Translation Error Magnitude: 10.75 mm

ADD Error Analysis:
ADD Error: 84.19
Point-wise distances: [     10.783      146.92      131.62      115.95      120.47      21.462      37.653       81.11      91.717]
Model diameter: 154.50 mm
10% threshold: 15.45 mm
Pose correct: False
Percentage of model diameter: 54.49
------------------------------
Frame 25:

Estimated Pose:
Rotation:
[   -0.10624     0.99236   -0.062646]
[     0.4217   -0.012089    -0.90666]
[   -0.90049    -0.12274    -0.41719]
Roll (X): -163.61
Pitch (Y): 64.22
Yaw (Z): 104.14
Translation: [61.51, -201.20, 1230.24]

Ground Truth Pose:
Rotation:
[    0.21592    -0.97647   0.0035732]
[   -0.91692    -0.20401     -0.3432]
[    0.33584    0.070833    -0.93931]
Euler Angles (xyz, degrees):
Roll (X): 175.69
Pitch (Y): -19.62
Yaw (Z): -76.75
Translation: [63.83, -207.96, 1228.47]

Error Analysis:
Rotation Error (degrees):
Roll (X): -339.29
Pitch (Y): 83.85
Yaw (Z): 180.89
Total Rotation Error Euler: 393.54
Total Rotation Error Matrix: 172.85
Translation Error Vector [x, y, z]: [-2.32, 6.76, 1.77] mm
Translation Error Magnitude: 7.36 mm

ADD Error Analysis:
ADD Error: 83.30
Point-wise distances: [     7.3868      143.42      133.22      117.66      122.93        22.8      43.048      74.548      84.694]
Model diameter: 154.50 mm
10% threshold: 15.45 mm
Pose correct: False
Percentage of model diameter: 53.92
------------------------------
Frame 26:

Estimated Pose:
Rotation:
[  -0.096542     0.99399    -0.05158]
[    0.42675  -0.0054808    -0.90436]
[    -0.8992    -0.10932    -0.42365]
Roll (X): -165.53
Pitch (Y): 64.05
Yaw (Z): 102.75
Translation: [50.87, -192.37, 1247.11]

Ground Truth Pose:
Rotation:
[    0.21221    -0.97722    0.011317]
[   -0.91826    -0.20335       -0.34]
[    0.33455    0.061768    -0.94041]
Euler Angles (xyz, degrees):
Roll (X): 176.24
Pitch (Y): -19.54
Yaw (Z): -76.99
Translation: [52.50, -198.56, 1236.95]

Error Analysis:
Rotation Error (degrees):
Roll (X): -341.77
Pitch (Y): 83.60
Yaw (Z): 179.74
Total Rotation Error Euler: 395.10
Total Rotation Error Matrix: 172.95
Translation Error Vector [x, y, z]: [-1.63, 6.20, 10.16] mm
Translation Error Magnitude: 12.01 mm

ADD Error Analysis:
ADD Error: 84.55
Point-wise distances: [     12.008      140.65      136.32      112.66      123.91      29.378      45.475      77.465       83.12]
Model diameter: 154.50 mm
10% threshold: 15.45 mm
Pose correct: False
Percentage of model diameter: 54.73
------------------------------
Frame 27:

Estimated Pose:
Rotation:
[   -0.14839     0.98617   -0.073816]
[    0.39257  -0.0097666    -0.91967]
[   -0.90767    -0.16545    -0.38569]
Roll (X): -156.78
Pitch (Y): 65.19
Yaw (Z): 110.71
Translation: [75.08, -165.79, 1252.39]

Ground Truth Pose:
Rotation:
[    0.27303    -0.96198    -0.01292]
[   -0.89529    -0.24914    -0.36949]
[    0.35222     0.11246     -0.9292]
Euler Angles (xyz, degrees):
Roll (X): 173.10
Pitch (Y): -20.62
Yaw (Z): -73.04
Translation: [79.63, -173.36, 1259.27]

Error Analysis:
Rotation Error (degrees):
Roll (X): -329.88
Pitch (Y): 85.81
Yaw (Z): 183.75
Total Rotation Error Euler: 387.23
Total Rotation Error Matrix: 171.37
Translation Error Vector [x, y, z]: [-4.55, 7.57, -6.88] mm
Translation Error Magnitude: 11.20 mm

ADD Error Analysis:
ADD Error: 83.26
Point-wise distances: [     11.237      146.49      128.86      123.53       123.6      15.275      42.818      71.512      86.036]
Model diameter: 154.50 mm
10% threshold: 15.45 mm
Pose correct: False
Percentage of model diameter: 53.89
------------------------------
Frame 28:

Estimated Pose:
Rotation:
[   -0.31575     0.94682    0.061976]
[    0.49396     0.21979    -0.84125]
[   -0.81013    -0.23501    -0.53709]
Roll (X): -156.37
Pitch (Y): 54.11
Yaw (Z): 122.59
Translation: [162.99, -139.25, 1310.05]

Ground Truth Pose:
Rotation:
[    0.37304     -0.9225   -0.099829]
[    -0.8361    -0.28753    -0.46733]
[     0.4024      0.2578    -0.87849]
Euler Angles (xyz, degrees):
Roll (X): 163.65
Pitch (Y): -23.73
Yaw (Z): -65.96
Translation: [162.43, -146.30, 1294.17]

Error Analysis:
Rotation Error (degrees):
Roll (X): -320.01
Pitch (Y): 77.84
Yaw (Z): 188.54
Total Rotation Error Euler: 379.49
Total Rotation Error Matrix: 176.04
Translation Error Vector [x, y, z]: [0.56, 7.06, 15.87] mm
Translation Error Magnitude: 17.38 mm

ADD Error Analysis:
ADD Error: 86.69
Point-wise distances: [     17.371      139.85      139.32      98.964      121.48      31.875       49.14      93.492      88.682]
Model diameter: 154.50 mm
10% threshold: 15.45 mm
Pose correct: False
Percentage of model diameter: 56.11
------------------------------
Frame 29:

Estimated Pose:
Rotation:
[   -0.25271     0.96742    0.015222]
[    0.30146    0.093679    -0.94886]
[   -0.91938     -0.2352    -0.31532]
Roll (X): -143.28
Pitch (Y): 66.84
Yaw (Z): 129.97
Translation: [115.32, -196.63, 1218.44]

Ground Truth Pose:
Rotation:
[    0.34039    -0.93653   -0.084674]
[   -0.90884    -0.30452    -0.28535]
[    0.24145     0.17408    -0.95473]
Euler Angles (xyz, degrees):
Roll (X): 169.67
Pitch (Y): -13.97
Yaw (Z): -69.47
Translation: [117.21, -204.70, 1221.17]

Error Analysis:
Rotation Error (degrees):
Roll (X): -312.95
Pitch (Y): 80.81
Yaw (Z): 199.44
Total Rotation Error Euler: 379.79
Total Rotation Error Matrix: 173.46
Translation Error Vector [x, y, z]: [-1.89, 8.07, -2.72] mm
Translation Error Magnitude: 8.72 mm

ADD Error Analysis:
ADD Error: 85.53
Point-wise distances: [      8.756       148.7      135.03      127.85      120.64       28.43      44.535       69.82      86.007]
Model diameter: 154.50 mm
10% threshold: 15.45 mm
Pose correct: False
Percentage of model diameter: 55.36
------------------------------
Frame 30:

Estimated Pose:
Rotation:
[   -0.18531     0.98268  -0.0019403]
[   0.085405    0.014138    -0.99625]
[   -0.97896    -0.18478   -0.086545]
Roll (X): -115.10
Pitch (Y): 78.23
Yaw (Z): 155.26
Translation: [85.07, -211.98, 1140.76]

Ground Truth Pose:
Rotation:
[    0.30208    -0.95129   -0.062676]
[   -0.94913    -0.29392    -0.11363]
[   0.089674    0.093818     -0.9916]
Euler Angles (xyz, degrees):
Roll (X): 174.60
Pitch (Y): -5.14
Yaw (Z): -72.35
Translation: [91.04, -225.46, 1181.70]

Error Analysis:
Rotation Error (degrees):
Roll (X): -289.69
Pitch (Y): 83.37
Yaw (Z): 227.60
Total Rotation Error Euler: 377.72
Total Rotation Error Matrix: 172.30
Translation Error Vector [x, y, z]: [-5.97, 13.48, -40.94] mm
Translation Error Magnitude: 43.51 mm

ADD Error Analysis:
ADD Error: 103.87
Point-wise distances: [     43.544      179.92      129.89      169.43       121.1       28.05      80.276      85.646      96.961]
Model diameter: 154.50 mm
10% threshold: 15.45 mm
Pose correct: False
Percentage of model diameter: 67.23
------------------------------
Frame 31:

Estimated Pose:
Rotation:
[   0.055832     0.99629   -0.065461]
[    0.09549   -0.070591    -0.99292]
[   -0.99386    0.049186   -0.099077]
Roll (X): 153.60
Pitch (Y): 83.65
Yaw (Z): 59.69
Translation: [51.54, -213.56, 1141.20]

Ground Truth Pose:
Rotation:
[   0.072748    -0.99729    0.015677]
[   -0.99185      -0.074     -0.1044]
[    0.10527  -0.0079448    -0.99447]
Euler Angles (xyz, degrees):
Roll (X): -179.54
Pitch (Y): -6.04
Yaw (Z): -85.81
Translation: [55.56, -223.95, 1161.83]

Error Analysis:
Rotation Error (degrees):
Roll (X): 333.14
Pitch (Y): 89.69
Yaw (Z): 145.49
Total Rotation Error Euler: 374.43
Total Rotation Error Matrix: 172.50
Translation Error Vector [x, y, z]: [-4.02, 10.39, -20.63] mm
Translation Error Magnitude: 23.45 mm

ADD Error Analysis:
ADD Error: 96.68
Point-wise distances: [     23.479      175.52      129.38       148.8      123.22      37.923      54.873      91.245      85.649]
Model diameter: 154.50 mm
10% threshold: 15.45 mm
Pose correct: False
Percentage of model diameter: 62.58
------------------------------
Frame 32:

Estimated Pose:
Rotation:
[    0.15311     0.98235    -0.10742]
[    0.25699    -0.14454    -0.95554]
[   -0.95421      0.1187    -0.27458]
Roll (X): 156.62
Pitch (Y): 72.59
Yaw (Z): 59.21
Translation: [68.34, -153.26, 1153.98]

Ground Truth Pose:
Rotation:
[   0.015214     -0.9999    0.010117]
[   -0.97421    -0.01711    -0.22532]
[    0.22546  -0.0064177    -0.97429]
Euler Angles (xyz, degrees):
Roll (X): -179.62
Pitch (Y): -13.03
Yaw (Z): -89.11
Translation: [73.13, -163.78, 1177.13]

Error Analysis:
Rotation Error (degrees):
Roll (X): 336.24
Pitch (Y): 85.62
Yaw (Z): 148.32
Total Rotation Error Euler: 377.35
Total Rotation Error Matrix: 168.81
Translation Error Vector [x, y, z]: [-4.80, 10.53, -23.15] mm
Translation Error Magnitude: 25.88 mm

ADD Error Analysis:
ADD Error: 92.64
Point-wise distances: [      25.91      172.01      125.91      140.18      124.67      25.751      39.868      90.184      89.262]
Model diameter: 154.50 mm
10% threshold: 15.45 mm
Pose correct: False
Percentage of model diameter: 59.96
------------------------------
Frame 33:

Estimated Pose:
Rotation:
[    0.14559     0.98172    -0.12257]
[    0.28233    -0.15997    -0.94589]
[   -0.94821     0.10311    -0.30046]
Roll (X): 161.06
Pitch (Y): 71.48
Yaw (Z): 62.72
Translation: [66.00, -147.38, 1180.31]

Ground Truth Pose:
Rotation:
[ -0.0015514    -0.99983    0.021792]
[     -0.963  -0.0043927    -0.26975]
[    0.26979   -0.021392    -0.96274]
Euler Angles (xyz, degrees):
Roll (X): -178.73
Pitch (Y): -15.65
Yaw (Z): -90.09
Translation: [70.67, -156.66, 1188.48]

Error Analysis:
Rotation Error (degrees):
Roll (X): 339.79
Pitch (Y): 87.13
Yaw (Z): 152.82
Total Rotation Error Euler: 382.62
Total Rotation Error Matrix: 169.94
Translation Error Vector [x, y, z]: [-4.66, 9.28, -8.17] mm
Translation Error Magnitude: 13.22 mm

ADD Error Analysis:
ADD Error: 87.38
Point-wise distances: [     13.252      161.35      129.89      127.88      124.07      28.495      32.219      84.728      84.569]
Model diameter: 154.50 mm
10% threshold: 15.45 mm
Pose correct: False
Percentage of model diameter: 56.56
------------------------------
Frame 34:

Estimated Pose:
Rotation:
[    0.18707       0.978    -0.09235]
[    0.38512     -0.1595    -0.90898]
[   -0.90371     0.13447    -0.40648]
Roll (X): 161.69
Pitch (Y): 64.65
Yaw (Z): 64.09
Translation: [95.41, -174.10, 1172.50]

Ground Truth Pose:
Rotation:
[  -0.029464    -0.99956    0.011783]
[   -0.92105    0.022558    -0.38898]
[    0.38853   -0.022301    -0.92123]
Euler Angles (xyz, degrees):
Roll (X): -178.61
Pitch (Y): -22.86
Yaw (Z): -91.83
Translation: [108.34, -194.20, 1247.59]

Error Analysis:
Rotation Error (degrees):
Roll (X): 340.31
Pitch (Y): 87.51
Yaw (Z): 155.92
Total Rotation Error Euler: 384.42
Total Rotation Error Matrix: 169.83
Translation Error Vector [x, y, z]: [-12.93, 20.10, -75.09] mm
Translation Error Magnitude: 78.81 mm

ADD Error Analysis:
ADD Error: 120.60
Point-wise distances: [     78.839      206.34      113.09      169.41      152.18      60.879      65.514      117.47       121.7]
Model diameter: 154.50 mm
10% threshold: 15.45 mm
Pose correct: False
Percentage of model diameter: 78.06
------------------------------
Frame 35:

Estimated Pose:
Rotation:
[    0.19805     0.97299    -0.11862]
[    0.42933    -0.19491    -0.88187]
[   -0.88116     0.12373    -0.45634]
Roll (X): 164.83
Pitch (Y): 61.78
Yaw (Z): 65.24
Translation: [56.84, -206.37, 1173.74]

Ground Truth Pose:
Rotation:
[  -0.020242    -0.99924    0.035309]
[   -0.91439   0.0042057      -0.405]
[    0.40452   -0.040471    -0.91369]
Euler Angles (xyz, degrees):
Roll (X): -177.46
Pitch (Y): -23.86
Yaw (Z): -91.27
Translation: [67.98, -231.07, 1262.59]

Error Analysis:
Rotation Error (degrees):
Roll (X): 342.29
Pitch (Y): 85.64
Yaw (Z): 156.50
Total Rotation Error Euler: 386.00
Total Rotation Error Matrix: 168.69
Translation Error Vector [x, y, z]: [-11.14, 24.69, -88.86] mm
Translation Error Magnitude: 92.90 mm

ADD Error Analysis:
ADD Error: 130.41
Point-wise distances: [     92.928      212.85      116.35       180.4      160.53      78.095      77.142      120.72      134.66]
Model diameter: 154.50 mm
10% threshold: 15.45 mm
Pose correct: False
Percentage of model diameter: 84.41
------------------------------
Frame 36:

Estimated Pose:
Rotation:
[     0.1526     0.98767   -0.035004]
[    0.54366    -0.11347     -0.8316]
[   -0.82532     0.10787    -0.55427]
Roll (X): 168.99
Pitch (Y): 55.62
Yaw (Z): 74.32
Translation: [62.54, -188.44, 1188.78]

Ground Truth Pose:
Rotation:
[  -0.031633    -0.99937    0.019994]
[   -0.89512    0.019413    -0.44556]
[    0.44488   -0.031977    -0.89509]
Euler Angles (xyz, degrees):
Roll (X): -177.95
Pitch (Y): -26.41
Yaw (Z): -92.02
Translation: [70.85, -212.31, 1256.73]

Error Analysis:
Rotation Error (degrees):
Roll (X): 346.94
Pitch (Y): 82.03
Yaw (Z): 166.34
Total Rotation Error Euler: 393.41
Total Rotation Error Matrix: 173.07
Translation Error Vector [x, y, z]: [-8.31, 23.88, -67.95] mm
Translation Error Magnitude: 72.50 mm

ADD Error Analysis:
ADD Error: 115.22
Point-wise distances: [     72.531      192.47      117.77      156.69      146.33      67.802      51.825      105.99      125.54]
Model diameter: 154.50 mm
10% threshold: 15.45 mm
Pose correct: False
Percentage of model diameter: 74.58
------------------------------
Frame 37:

Estimated Pose:
Rotation:
[    0.20316     0.97909   -0.010135]
[    0.60729    -0.13412    -0.78308]
[   -0.76807     0.15294    -0.62184]
Roll (X): 166.18
Pitch (Y): 50.18
