Pose Errors for obj_000008
==================================================

Frame 0:

Estimated Pose:
Rotation:
[    0.23134     0.97104    0.059715]
[    0.67566     -0.1162      -0.728]
[   -0.69998     0.20876    -0.68297]
Roll (X): 163.00
Pitch (Y): 44.43
Yaw (Z): 71.10
Translation: [106.05, -122.32, 983.08]

Ground Truth Pose:
Rotation:
[    0.29413     0.95669   -0.013495]
[    0.67532    -0.21757    -0.70606]
[   -0.67777     0.19826     -0.7094]
Euler Angles (xyz, degrees):
Roll (X): 164.39
Pitch (Y): 42.63
Yaw (Z): 66.49
Translation: [117.82, -138.15, 1069.61]

Error Analysis:
Rotation Error (degrees):
Roll (X): -1.38
Pitch (Y): 1.80
Yaw (Z): 4.61
Total Rotation Error Euler: 5.14
Total Rotation Error Matrix: 5.09
Translation Error Vector [x, y, z]: [-11.77, 15.83, -86.53] mm
Translation Error Magnitude: 88.75 mm

ADD Error Analysis:
ADD Error: 89.40
Point-wise distances: [     89.199      82.246      89.828      82.759      97.194      88.087      97.577       88.35]
Model diameter: 318.71 mm
10% threshold: 47.81 mm
Pose correct: False
Percentage of model diameter: 28.05
------------------------------
Frame 1:

Estimated Pose:
Rotation:
[    0.25541     0.96355    0.079604]
[    0.69968    -0.12739      -0.703]
[   -0.66724     0.23525    -0.70672]
Roll (X): 161.59
Pitch (Y): 41.85
Yaw (Z): 69.95
Translation: [67.78, -69.79, 994.07]

Ground Truth Pose:
Rotation:
[    0.33505     0.94274    0.030519]
[    0.71256    -0.23174    -0.66367]
[     -0.618     0.24377     -0.7487]
Euler Angles (xyz, degrees):
Roll (X): 161.96
Pitch (Y): 38.14
Yaw (Z): 64.84
Translation: [73.78, -81.65, 1063.64]

Error Analysis:
Rotation Error (degrees):
Roll (X): -0.38
Pitch (Y): 3.72
Yaw (Z): 5.11
Total Rotation Error Euler: 6.33
Total Rotation Error Matrix: 5.77
Translation Error Vector [x, y, z]: [-6.00, 11.86, -69.57] mm
Translation Error Magnitude: 70.82 mm

ADD Error Analysis:
ADD Error: 71.74
Point-wise distances: [     69.342      59.933      71.862      61.967      82.674      71.391      84.271      72.494]
Model diameter: 318.71 mm
10% threshold: 47.81 mm
Pose correct: False
Percentage of model diameter: 22.51
------------------------------
Frame 2:

Estimated Pose:
Rotation:
[    0.32482      0.9457   -0.011684]
[    0.76644    -0.27045     -0.5826]
[   -0.55413     0.18029    -0.81267]
Roll (X): 167.49
Pitch (Y): 33.65
Yaw (Z): 67.03
Translation: [83.43, -79.79, 1049.56]

Ground Truth Pose:
Rotation:
[    0.34951     0.93769    0.023135]
[    0.75535    -0.26671    -0.60018]
[   -0.55608     0.22693    -0.80074]
Euler Angles (xyz, degrees):
Roll (X): 164.18
Pitch (Y): 33.76
Yaw (Z): 65.19
Translation: [81.09, -82.63, 1062.07]

Error Analysis:
Rotation Error (degrees):
Roll (X): 3.32
Pitch (Y): -0.11
Yaw (Z): 1.84
Total Rotation Error Euler: 3.79
Total Rotation Error Matrix: 0.00
Translation Error Vector [x, y, z]: [2.33, 2.84, -12.51] mm
Translation Error Magnitude: 13.04 mm

ADD Error Analysis:
ADD Error: 14.02
Point-wise distances: [     12.916      12.783      16.077      16.177      10.007       13.97       13.43      16.793]
Model diameter: 318.71 mm
10% threshold: 47.81 mm
Pose correct: True
Percentage of model diameter: 4.40
------------------------------
Frame 3:

Estimated Pose:
Rotation:
[    0.39795      0.9132   -0.087808]
[    0.79318    -0.39058    -0.46724]
[   -0.46098     0.11629    -0.87976]
Roll (X): 172.47
Pitch (Y): 27.45
Yaw (Z): 63.36
Translation: [103.89, -85.76, 1013.01]

Ground Truth Pose:
Rotation:
[    0.43225     0.90169   -0.045641]
[    0.78624    -0.40077    -0.47233]
[   -0.44377     0.16802    -0.88134]
Euler Angles (xyz, degrees):
Roll (X): 169.21
Pitch (Y): 26.32
Yaw (Z): 61.22
Translation: [102.12, -88.98, 1033.77]

Error Analysis:
Rotation Error (degrees):
Roll (X): 3.26
Pitch (Y): 1.13
Yaw (Z): 2.14
Total Rotation Error Euler: 4.06
Total Rotation Error Matrix: 0.87
Translation Error Vector [x, y, z]: [1.78, 3.22, -20.77] mm
Translation Error Magnitude: 21.09 mm

ADD Error Analysis:
ADD Error: 21.93
Point-wise distances: [     19.615      16.894      23.518      20.919      21.257      22.166      25.295      25.751]
Model diameter: 318.71 mm
10% threshold: 47.81 mm
Pose correct: True
Percentage of model diameter: 6.88
------------------------------
Frame 4:

Estimated Pose:
Rotation:
[    0.42062     0.90724   0.0019573]
[    0.79561    -0.36783    -0.48137]
[   -0.43599     0.20403    -0.87652]
Roll (X): 166.90
Pitch (Y): 25.85
Yaw (Z): 62.14
Translation: [9.73, -32.16, 992.17]

Ground Truth Pose:
Rotation:
[    0.43903     0.89845    0.044942]
[    0.79492    -0.36403    -0.48731]
[   -0.42106     0.24933    -0.87318]
Euler Angles (xyz, degrees):
Roll (X): 164.06
Pitch (Y): 24.88
Yaw (Z): 61.11
Translation: [5.58, -31.46, 995.14]

Error Analysis:
Rotation Error (degrees):
Roll (X): 2.84
Pitch (Y): 0.97
Yaw (Z): 1.03
Total Rotation Error Euler: 3.17
Total Rotation Error Matrix: 0.00
Translation Error Vector [x, y, z]: [4.15, -0.70, -2.96] mm
Translation Error Magnitude: 5.15 mm

ADD Error Analysis:
ADD Error: 6.85
Point-wise distances: [      10.51       1.469      11.473      3.9404      6.8003      4.3139      9.2284      7.0504]
Model diameter: 318.71 mm
10% threshold: 47.81 mm
Pose correct: True
Percentage of model diameter: 2.15
------------------------------
Frame 5:

Estimated Pose:
Rotation:
[    0.31728     0.94824    0.013036]
[    0.88014    -0.28932    -0.37635]
[    -0.3531     0.13088    -0.92639]
Roll (X): 171.96
Pitch (Y): 20.68
Yaw (Z): 70.18
Translation: [1.39, -69.51, 936.87]

Ground Truth Pose:
Rotation:
[    0.34177      0.9388    0.061647]
[    0.87822    -0.29477     -0.3791]
[   -0.33741     0.18344    -0.92435]
Euler Angles (xyz, degrees):
Roll (X): 168.77
Pitch (Y): 19.70
Yaw (Z): 68.76
Translation: [-3.03, -70.56, 949.43]

Error Analysis:
Rotation Error (degrees):
Roll (X): 3.18
Pitch (Y): 0.97
Yaw (Z): 1.42
Total Rotation Error Euler: 3.62
Total Rotation Error Matrix: 0.74
Translation Error Vector [x, y, z]: [4.42, 1.06, -12.57] mm
Translation Error Magnitude: 13.36 mm

ADD Error Analysis:
ADD Error: 14.57
Point-wise distances: [     14.695      9.2241       17.82      13.272      13.734      13.226      17.639      16.938]
Model diameter: 318.71 mm
10% threshold: 47.81 mm
Pose correct: True
Percentage of model diameter: 4.57
------------------------------
Frame 6:

Estimated Pose:
Rotation:
[    0.30345     0.95222    0.034618]
[    0.88296    -0.26735    -0.38588]
[   -0.35819     0.14766     -0.9219]
Roll (X): 170.90
Pitch (Y): 20.99
Yaw (Z): 71.03
Translation: [-23.69, -38.35, 958.60]

Ground Truth Pose:
Rotation:
[    0.33142     0.94041     0.08809]
[    0.87695    -0.27165    -0.39882]
[   -0.35078     0.20914    -0.91385]
Euler Angles (xyz, degrees):
Roll (X): 167.11
Pitch (Y): 20.52
Yaw (Z): 69.32
Translation: [-28.65, -39.91, 990.69]

Error Analysis:
Rotation Error (degrees):
Roll (X): 3.79
Pitch (Y): 0.47
Yaw (Z): 1.71
Total Rotation Error Euler: 4.19
Total Rotation Error Matrix: 1.87
Translation Error Vector [x, y, z]: [4.96, 1.57, -32.09] mm
Translation Error Magnitude: 32.51 mm

ADD Error Analysis:
ADD Error: 33.19
Point-wise distances: [     31.075      29.907      35.662      34.611      30.575      31.928      35.301      36.444]
Model diameter: 318.71 mm
10% threshold: 47.81 mm
Pose correct: True
Percentage of model diameter: 10.41
------------------------------
Frame 7:

Estimated Pose:
Rotation:
[    0.33812     0.93895    0.063604]
[    0.87646    -0.28956    -0.38467]
[   -0.34277     0.18581    -0.92086]
Roll (X): 168.59
Pitch (Y): 20.05
Yaw (Z): 68.90
Translation: [-40.85, -23.05, 1015.08]

Ground Truth Pose:
Rotation:
[     0.3559     0.92919     0.10916]
[    0.87459    -0.28891    -0.39181]
[    -0.3322      0.2346    -0.91461]
Euler Angles (xyz, degrees):
Roll (X): 165.61
Pitch (Y): 19.39
Yaw (Z): 67.88
Translation: [-43.92, -22.36, 1017.13]

Error Analysis:
Rotation Error (degrees):
Roll (X): 2.98
Pitch (Y): 0.66
Yaw (Z): 1.03
Total Rotation Error Euler: 3.22
Total Rotation Error Matrix: 0.00
Translation Error Vector [x, y, z]: [3.06, -0.69, -2.04] mm
Translation Error Magnitude: 3.75 mm

ADD Error Analysis:
ADD Error: 6.07
Point-wise distances: [     9.7534     0.38406      10.542      3.4068      5.5759      4.5839      7.6738      6.6534]
Model diameter: 318.71 mm
10% threshold: 47.81 mm
Pose correct: True
Percentage of model diameter: 1.91
------------------------------
Frame 8:

Estimated Pose:
Rotation:
[    0.44206     0.89168    0.097416]
[    0.86787    -0.39774    -0.29765]
[   -0.22667     0.21613    -0.94969]
Roll (X): 167.18
Pitch (Y): 13.10
Yaw (Z): 63.01
Translation: [-71.36, 24.17, 1029.60]

Ground Truth Pose:
Rotation:
[    0.46235     0.87981     0.11901]
[    0.86144    -0.41207    -0.29999]
[   -0.21468     0.24091    -0.94752]
Euler Angles (xyz, degrees):
Roll (X): 165.73
Pitch (Y): 12.39
Yaw (Z): 61.80
Translation: [-71.93, 22.59, 1015.11]

Error Analysis:
Rotation Error (degrees):
Roll (X): 1.45
Pitch (Y): 0.71
Yaw (Z): 1.21
Total Rotation Error Euler: 2.02
Total Rotation Error Matrix: 0.00
Translation Error Vector [x, y, z]: [0.57, 1.57, 14.50] mm
Translation Error Magnitude: 14.59 mm

ADD Error Analysis:
ADD Error: 14.99
Point-wise distances: [     17.666      16.588      16.198      14.839      14.363      14.668      12.718      12.856]
Model diameter: 318.71 mm
10% threshold: 47.81 mm
Pose correct: True
Percentage of model diameter: 4.70
------------------------------
Frame 9:

Estimated Pose:
Rotation:
[    0.36173     0.93219   -0.013086]
[    0.89568    -0.35139    -0.27254]
[   -0.25866    0.086866    -0.96206]
Roll (X): 174.84
Pitch (Y): 14.99
Yaw (Z): 68.01
Translation: [-51.46, 30.83, 949.95]

Ground Truth Pose:
Rotation:
[     0.3956     0.91651    0.074042]
[    0.90167    -0.37083    -0.22659]
[   -0.18005     0.15617    -0.97217]
Euler Angles (xyz, degrees):
Roll (X): 170.87
Pitch (Y): 10.36
Yaw (Z): 66.33
Translation: [-58.27, 25.20, 991.01]

Error Analysis:
Rotation Error (degrees):
Roll (X): 3.97
Pitch (Y): 4.63
Yaw (Z): 1.68
Total Rotation Error Euler: 6.32
Total Rotation Error Matrix: 5.26
Translation Error Vector [x, y, z]: [6.81, 5.64, -41.06] mm
Translation Error Magnitude: 42.00 mm

ADD Error Analysis:
ADD Error: 43.51
Point-wise distances: [     37.468      28.407      42.769      33.755      50.642        46.9      56.178      51.944]
Model diameter: 318.71 mm
10% threshold: 47.81 mm
Pose correct: True
Percentage of model diameter: 13.65
------------------------------
Frame 10:

Estimated Pose:
Rotation:
[    0.35697      0.9334    0.036579]
[     0.9046    -0.33566    -0.26275]
[   -0.23297     0.12688    -0.96417]
Roll (X): 172.50
Pitch (Y): 13.47
Yaw (Z): 68.47
Translation: [-50.79, 15.44, 996.88]

Ground Truth Pose:
Rotation:
[    0.38913     0.91865    0.081485]
[    0.89729    -0.35663    -0.26376]
[   -0.21304      0.1755    -0.96215]
Euler Angles (xyz, degrees):
Roll (X): 169.66
Pitch (Y): 12.29
Yaw (Z): 66.58
Translation: [-53.99, 10.95, 998.91]

Error Analysis:
Rotation Error (degrees):
Roll (X): 2.84
Pitch (Y): 1.18
Yaw (Z): 1.89
Total Rotation Error Euler: 3.61
Total Rotation Error Matrix: 1.11
Translation Error Vector [x, y, z]: [3.20, 4.49, -2.02] mm
Translation Error Magnitude: 5.87 mm

ADD Error Analysis:
ADD Error: 8.46
Point-wise distances: [      11.57      3.8841      12.935      5.6127       6.152      7.8392      9.6812      10.015]
Model diameter: 318.71 mm
10% threshold: 47.81 mm
Pose correct: True
Percentage of model diameter: 2.65
------------------------------
Frame 11:

Estimated Pose:
Rotation:
[    0.17228      0.9849    0.017303]
[    0.85609    -0.14102    -0.49721]
[   -0.48726     0.10047    -0.86746]
Roll (X): 173.39
Pitch (Y): 29.16
Yaw (Z): 78.62
Translation: [8.02, 5.92, 1012.64]

Ground Truth Pose:
Rotation:
[    0.18756     0.98262    0.034877]
[    0.84704     -0.1434    -0.51368]
[   -0.49928     0.12567    -0.85841]
Euler Angles (xyz, degrees):
Roll (X): 171.67
Pitch (Y): 29.93
Yaw (Z): 77.54
Translation: [6.64, 4.70, 1011.57]

Error Analysis:
Rotation Error (degrees):
Roll (X): 1.72
Pitch (Y): -0.77
Yaw (Z): 1.08
Total Rotation Error Euler: 2.17
Total Rotation Error Matrix: 0.00
Translation Error Vector [x, y, z]: [1.38, 1.21, 1.07] mm
Translation Error Magnitude: 2.13 mm

ADD Error Analysis:
ADD Error: 4.17
Point-wise distances: [     5.3786      2.1947      5.2614      3.2712      4.5728      5.1251       2.954      4.6057]
Model diameter: 318.71 mm
10% threshold: 47.81 mm
Pose correct: True
Percentage of model diameter: 1.31
------------------------------
Frame 12:

Estimated Pose:
Rotation:
[     0.1235     0.99221    0.016494]
[    0.80704    -0.09075    -0.58348]
[   -0.57744    0.085369    -0.81196]
Roll (X): 174.00
Pitch (Y): 35.27
Yaw (Z): 81.30
Translation: [16.28, -15.35, 1065.57]

Ground Truth Pose:
Rotation:
[    0.15541      0.9885    0.025149]
[    0.79137    -0.10904    -0.60312]
[   -0.59289     0.11342    -0.79847]
Euler Angles (xyz, degrees):
Roll (X): 171.92
Pitch (Y): 36.33
Yaw (Z): 78.92
Translation: [15.42, -13.06, 1036.04]

Error Analysis:
Rotation Error (degrees):
Roll (X): 2.08
Pitch (Y): -1.06
Yaw (Z): 2.38
Total Rotation Error Euler: 3.33
Total Rotation Error Matrix: 0.00
Translation Error Vector [x, y, z]: [0.85, -2.28, 29.53] mm
Translation Error Magnitude: 29.63 mm

ADD Error Analysis:
ADD Error: 30.01
Point-wise distances: [     31.424      27.768      29.158      25.611       33.98       31.21      31.752      29.151]
Model diameter: 318.71 mm
10% threshold: 47.81 mm
Pose correct: True
Percentage of model diameter: 9.42
------------------------------
Frame 13:

Estimated Pose:
Rotation:
[    0.19668      0.9791   -0.051873]
[    0.68761    -0.17545    -0.70456]
[   -0.69893      0.1029    -0.70774]
Roll (X): 171.73
Pitch (Y): 44.34
Yaw (Z): 74.04
Translation: [63.53, -11.23, 1012.00]

Ground Truth Pose:
Rotation:
[    0.23176      0.9729   -0.040936]
[    0.67931    -0.19167    -0.70973]
[   -0.69768     0.13644    -0.70467]
Euler Angles (xyz, degrees):
Roll (X): 169.05
Pitch (Y): 44.20
Yaw (Z): 71.19
Translation: [62.14, -11.78, 1026.20]

Error Analysis:
Rotation Error (degrees):
Roll (X): 2.68
Pitch (Y): 0.14
Yaw (Z): 2.85
Total Rotation Error Euler: 3.91
Total Rotation Error Matrix: 0.00
Translation Error Vector [x, y, z]: [1.40, 0.55, -14.20] mm
Translation Error Magnitude: 14.28 mm

ADD Error Analysis:
ADD Error: 14.93
Point-wise distances: [     14.066      13.727      16.467      16.294      12.877      14.053      15.418      16.526]
Model diameter: 318.71 mm
10% threshold: 47.81 mm
Pose correct: True
Percentage of model diameter: 4.68
------------------------------
Frame 14:

Estimated Pose:
Rotation:
[    0.26667     0.95567    -0.12482]
[    0.63014    -0.27088     -0.7277]
[   -0.72925      0.1154    -0.67444]
Roll (X): 170.29
Pitch (Y): 46.82
Yaw (Z): 67.06
Translation: [92.31, -3.38, 1108.56]

Ground Truth Pose:
Rotation:
[    0.25763     0.96493   -0.066927]
[    0.59537    -0.21278    -0.77601]
[    -0.7623     0.15981    -0.62871]
Euler Angles (xyz, degrees):
Roll (X): 165.74
Pitch (Y): 49.62
Yaw (Z): 66.63
Translation: [81.89, 3.67, 1019.83]

Error Analysis:
Rotation Error (degrees):
Roll (X): 4.55
Pitch (Y): -2.79
Yaw (Z): 0.43
Total Rotation Error Euler: 5.35
Total Rotation Error Matrix: 4.02
Translation Error Vector [x, y, z]: [10.42, -7.04, 88.73] mm
Translation Error Magnitude: 89.62 mm

ADD Error Analysis:
ADD Error: 90.04
Point-wise distances: [      93.75      82.036      91.144      78.998      100.72      89.728      97.667      86.246]
Model diameter: 318.71 mm
10% threshold: 47.81 mm
Pose correct: False
Percentage of model diameter: 28.25
------------------------------
Frame 15:

Estimated Pose:
Rotation:
[    0.28395     0.94669    -0.15213]
[    0.48632    -0.27893    -0.82807]
[   -0.82636     0.16115    -0.53959]
Roll (X): 163.37
Pitch (Y): 55.73
Yaw (Z): 59.72
Translation: [81.14, 37.26, 1003.70]

Ground Truth Pose:
Rotation:
[    0.28616     0.95473   -0.092448]
[    0.49035    -0.22853    -0.84217]
[   -0.82438     0.19537    -0.53305]
Euler Angles (xyz, degrees):
Roll (X): 159.87
Pitch (Y): 55.46
Yaw (Z): 59.76
Translation: [75.10, 38.73, 1009.82]

Error Analysis:
Rotation Error (degrees):
Roll (X): 3.50
Pitch (Y): 0.27
Yaw (Z): -0.04
Total Rotation Error Euler: 3.51
Total Rotation Error Matrix: 1.73
Translation Error Vector [x, y, z]: [6.04, -1.48, -6.12] mm
Translation Error Magnitude: 8.72 mm

ADD Error Analysis:
ADD Error: 10.50
Point-wise distances: [     13.402      5.7948      14.499      7.9967      13.136      5.9117      14.601      8.6789]
Model diameter: 318.71 mm
10% threshold: 47.81 mm
Pose correct: True
Percentage of model diameter: 3.30
------------------------------
Frame 16:

Estimated Pose:
Rotation:
[    0.24433     0.95985     -0.1378]
[    0.49166    -0.24511    -0.83558]
[   -0.83581     0.13641    -0.53181]
Roll (X): 165.61
Pitch (Y): 56.70
Yaw (Z): 63.58
Translation: [74.82, -17.32, 1040.33]

Ground Truth Pose:
Rotation:
[    0.27453     0.96181   -0.038685]
[    0.49106    -0.17454    -0.85459]
[    -0.8279      0.2153    -0.51974]
Euler Angles (xyz, degrees):
Roll (X): 157.50
Pitch (Y): 55.82
Yaw (Z): 60.82
Translation: [67.80, -17.64, 1050.24]

Error Analysis:
Rotation Error (degrees):
Roll (X): 8.11
Pitch (Y): 0.88
Yaw (Z): 2.75
Total Rotation Error Euler: 8.61
Total Rotation Error Matrix: 5.24
Translation Error Vector [x, y, z]: [7.02, 0.32, -9.91] mm
Translation Error Magnitude: 12.15 mm

ADD Error Analysis:
ADD Error: 16.32
Point-wise distances: [     21.423      8.7701      23.735      13.237      15.449      12.347      19.111      16.519]
Model diameter: 318.71 mm
10% threshold: 47.81 mm
Pose correct: True
Percentage of model diameter: 5.12
------------------------------
Frame 17:

Estimated Pose:
Rotation:
[    0.33642     0.92546    -0.17421]
[    0.45815    -0.32247    -0.82832]
[   -0.82275     0.19885    -0.53249]
Roll (X): 159.52
Pitch (Y): 55.36
Yaw (Z): 53.71
Translation: [63.75, -40.21, 1133.90]

Ground Truth Pose:
Rotation:
[    0.30991     0.95026   -0.053903]
[     0.4779    -0.20439    -0.85543]
[   -0.82311     0.23901    -0.51698]
Euler Angles (xyz, degrees):
Roll (X): 155.19
Pitch (Y): 55.33
Yaw (Z): 57.06
Translation: [51.89, -34.20, 1079.92]

Error Analysis:
Rotation Error (degrees):
Roll (X): 4.34
Pitch (Y): 0.03
Yaw (Z): -3.35
Total Rotation Error Euler: 5.48
Total Rotation Error Matrix: 6.65
Translation Error Vector [x, y, z]: [11.86, -6.01, 53.98] mm
Translation Error Magnitude: 55.59 mm

ADD Error Analysis:
ADD Error: 57.21
Point-wise distances: [     61.292      54.026      58.798      51.304      64.136      54.034      62.221      51.869]
Model diameter: 318.71 mm
10% threshold: 47.81 mm
Pose correct: False
Percentage of model diameter: 17.95
------------------------------
Frame 18:

Estimated Pose:
Rotation:
[    0.34169     0.93945   -0.026008]
[    0.28023    -0.12826    -0.95132]
[   -0.89706     0.31777    -0.30709]
Roll (X): 134.02
Pitch (Y): 63.77
Yaw (Z): 39.36
Translation: [179.69, 27.21, 1130.83]

Ground Truth Pose:
Rotation:
[    0.36926     0.92982   -0.032252]
[    0.28551    -0.14631    -0.94817]
[   -0.88548     0.34047    -0.31919]
Euler Angles (xyz, degrees):
Roll (X): 133.14
Pitch (Y): 62.23
Yaw (Z): 37.72
Translation: [173.16, 36.49, 1113.04]

Error Analysis:
Rotation Error (degrees):
Roll (X): 0.88
Pitch (Y): 1.55
Yaw (Z): 1.63
Total Rotation Error Euler: 2.42
Total Rotation Error Matrix: 0.00
Translation Error Vector [x, y, z]: [6.53, -9.28, 17.80] mm
Translation Error Magnitude: 21.10 mm

ADD Error Analysis:
ADD Error: 21.33
Point-wise distances: [     22.524      25.385      20.894      23.772      19.194      21.847      17.154      19.864]
Model diameter: 318.71 mm
10% threshold: 47.81 mm
Pose correct: True
Percentage of model diameter: 6.69
------------------------------
Frame 19:

Estimated Pose:
Rotation:
[     0.3236     0.94586    0.025101]
[    0.24218   -0.057153    -0.96855]
[   -0.91468      0.3195    -0.24757]
Roll (X): 127.77
Pitch (Y): 66.16
Yaw (Z): 36.81
Translation: [158.60, 75.70, 1129.65]

Ground Truth Pose:
Rotation:
[     0.3606      0.9334   -0.026357]
[     0.2835     -0.1364    -0.95024]
[   -0.88968     0.33476    -0.31351]
Euler Angles (xyz, degrees):
Roll (X): 133.11
Pitch (Y): 62.75
Yaw (Z): 38.19
Translation: [155.28, 75.14, 1086.08]

Error Analysis:
Rotation Error (degrees):
Roll (X): -5.34
Pitch (Y): 3.41
Yaw (Z): -1.37
Total Rotation Error Euler: 6.48
Total Rotation Error Matrix: 4.43
Translation Error Vector [x, y, z]: [3.32, 0.56, 43.58] mm
Translation Error Magnitude: 43.71 mm

ADD Error Analysis:
ADD Error: 44.58
Point-wise distances: [     40.421      55.296       40.41       54.77      35.475      49.146      33.786      47.344]
Model diameter: 318.71 mm
10% threshold: 47.81 mm
Pose correct: True
Percentage of model diameter: 13.99
------------------------------
Frame 20:

Estimated Pose:
Rotation:
[    0.29431     0.95464    0.045153]
[    0.27517   -0.039398    -0.96059]
[   -0.91524     0.29513    -0.27429]
Roll (X): 132.90
Pitch (Y): 66.24
Yaw (Z): 43.08
Translation: [167.20, 68.74, 1098.96]

Ground Truth Pose:
Rotation:
[    0.34501     0.93924   -0.027269]
[    0.29228    -0.13492    -0.94779]
[   -0.89301     0.31862    -0.32077]
Euler Angles (xyz, degrees):
Roll (X): 135.18
Pitch (Y): 63.17
Yaw (Z): 40.28
Translation: [164.65, 67.77, 1061.79]

Error Analysis:
Rotation Error (degrees):
Roll (X): -2.27
Pitch (Y): 3.07
Yaw (Z): 2.79
Total Rotation Error Euler: 4.73
Total Rotation Error Matrix: 4.97
Translation Error Vector [x, y, z]: [2.55, 0.96, 37.18] mm
Translation Error Magnitude: 37.28 mm

ADD Error Analysis:
ADD Error: 38.66
Point-wise distances: [     35.785      47.998      34.932      46.967      32.883      40.944       30.91      38.897]
Model diameter: 318.71 mm
10% threshold: 47.81 mm
Pose correct: True
Percentage of model diameter: 12.13
------------------------------
Frame 21:

Estimated Pose:
Rotation:
[    0.29302     0.95537     0.03745]
[    0.28399   -0.049567    -0.95755]
[   -0.91296     0.29122    -0.28584]
Roll (X): 134.47
Pitch (Y): 65.92
Yaw (Z): 44.10
Translation: [180.15, 49.64, 1079.76]

Ground Truth Pose:
Rotation:
[    0.34308        0.94    -0.02533]
[    0.27436    -0.12589    -0.95437]
[   -0.89942     0.32007     -0.3008]
Euler Angles (xyz, degrees):
Roll (X): 133.21
Pitch (Y): 63.99
Yaw (Z): 38.66
Translation: [177.04, 57.02, 1060.28]

Error Analysis:
Rotation Error (degrees):
Roll (X): 1.26
Pitch (Y): 1.93
Yaw (Z): 5.44
Total Rotation Error Euler: 5.91
Total Rotation Error Matrix: 3.64
Translation Error Vector [x, y, z]: [3.11, -7.38, 19.48] mm
Translation Error Magnitude: 21.06 mm

ADD Error Analysis:
ADD Error: 22.79
Point-wise distances: [     23.403      30.272      19.351      27.428      21.853      22.893      17.794      19.295]
Model diameter: 318.71 mm
10% threshold: 47.81 mm
Pose correct: True
Percentage of model diameter: 7.15
------------------------------
Frame 22:

Estimated Pose:
Rotation:
[    0.36984     0.92893    0.017393]
[    0.15778   -0.044348    -0.98648]
[    -0.9156     0.36758    -0.16297]
Roll (X): 113.91
Pitch (Y): 66.29
Yaw (Z): 23.10
Translation: [185.73, 72.98, 1138.60]

Ground Truth Pose:
Rotation:
[    0.34037     0.94112    0.019663]
[    0.16905   -0.040593    -0.98576]
[   -0.92601     0.33842    -0.17275]
Euler Angles (xyz, degrees):
Roll (X): 117.01
Pitch (Y): 67.71
Yaw (Z): 26.41
Translation: [178.51, 74.41, 1080.08]

Error Analysis:
Rotation Error (degrees):
Roll (X): -3.10
Pitch (Y): -1.42
Yaw (Z): -3.30
Total Rotation Error Euler: 4.74
Total Rotation Error Matrix: 0.00
Translation Error Vector [x, y, z]: [7.22, -1.43, 58.52] mm
Translation Error Magnitude: 58.98 mm

ADD Error Analysis:
ADD Error: 59.08
Point-wise distances: [     55.391      57.382      57.519      59.522      58.746       60.66      60.752      62.684]
Model diameter: 318.71 mm
10% threshold: 47.81 mm
Pose correct: False
Percentage of model diameter: 18.54
------------------------------
Frame 23:

Estimated Pose:
Rotation:
[    0.38581     0.92191   -0.035052]
[    0.13474    -0.09389    -0.98642]
[   -0.91269     0.37584    -0.16044]
Roll (X): 113.12
Pitch (Y): 65.88
Yaw (Z): 19.25
Translation: [131.31, 64.99, 1121.89]

Ground Truth Pose:
Rotation:
[    0.39662       0.919  -0.0096858]
[    0.13721   -0.069693    -0.98907]
[   -0.90874     0.39048    -0.15358]
Euler Angles (xyz, degrees):
Roll (X): 111.43
Pitch (Y): 65.23
Yaw (Z): 19.07
Translation: [128.64, 64.09, 1097.08]

Error Analysis:
Rotation Error (degrees):
Roll (X): 1.68
Pitch (Y): 0.65
Yaw (Z): 0.18
Total Rotation Error Euler: 1.81
Total Rotation Error Matrix: 0.00
Translation Error Vector [x, y, z]: [2.67, 0.90, 24.82] mm
Translation Error Magnitude: 24.98 mm

ADD Error Analysis:
ADD Error: 25.15
Point-wise distances: [     27.365      25.248      26.288      24.052      25.962      24.306      24.885      23.125]
Model diameter: 318.71 mm
10% threshold: 47.81 mm
Pose correct: True
Percentage of model diameter: 7.89
------------------------------
Frame 24:

Estimated Pose:
Rotation:
[    0.30839     0.95121  -0.0097683]
[    0.20537   -0.076602    -0.97568]
[   -0.92883     0.29889    -0.21897]
Roll (X): 126.23
Pitch (Y): 68.25
Yaw (Z): 33.66
Translation: [115.66, 62.94, 1116.64]

Ground Truth Pose:
Rotation:
[    0.33345      0.9438  -0.0017707]
[    0.20491   -0.074272    -0.97695]
[   -0.92128     0.32499    -0.21795]
Euler Angles (xyz, degrees):
Roll (X): 123.82
Pitch (Y): 67.01
Yaw (Z): 31.57
Translation: [115.04, 63.40, 1101.48]

Error Analysis:
Rotation Error (degrees):
Roll (X): 2.41
Pitch (Y): 1.25
Yaw (Z): 2.09
Total Rotation Error Euler: 3.42
Total Rotation Error Matrix: 0.00
Translation Error Vector [x, y, z]: [0.62, -0.46, 15.16] mm
Translation Error Magnitude: 15.18 mm

ADD Error Analysis:
ADD Error: 15.47
Point-wise distances: [     17.596      17.073      15.848      15.228      15.484      15.542      13.479      13.503]
Model diameter: 318.71 mm
10% threshold: 47.81 mm
Pose correct: True
Percentage of model diameter: 4.85
------------------------------
Frame 25:

Estimated Pose:
Rotation:
[    0.40711      0.9121    0.048249]
[    0.31546   -0.090836    -0.94458]
[   -0.85717     0.39977    -0.32471]
Roll (X): 129.08
Pitch (Y): 59.00
Yaw (Z): 37.77
Translation: [169.97, 111.57, 1137.88]

Ground Truth Pose:
Rotation:
[    0.44197     0.89794    0.018381]
[    0.33054    -0.14361    -0.93384]
[   -0.83507      0.4183    -0.35992]
Euler Angles (xyz, degrees):
Roll (X): 130.69
Pitch (Y): 56.56
Yaw (Z): 36.80
Translation: [167.81, 111.59, 1110.66]

Error Analysis:
Rotation Error (degrees):
Roll (X): -1.61
Pitch (Y): 2.44
Yaw (Z): 0.97
Total Rotation Error Euler: 3.08
Total Rotation Error Matrix: 1.69
Translation Error Vector [x, y, z]: [2.16, -0.02, 27.22] mm
Translation Error Magnitude: 27.30 mm

ADD Error Analysis:
ADD Error: 27.88
Point-wise distances: [     26.919      35.239      26.091      34.247       22.55      29.452      20.836      27.715]
Model diameter: 318.71 mm
10% threshold: 47.81 mm
Pose correct: True
Percentage of model diameter: 8.75
------------------------------
Frame 26:

Estimated Pose:
Rotation:
[    0.42705     0.90202    0.063093]
[    0.38911    -0.12034     -0.9133]
[   -0.81622     0.41458    -0.40237]
Roll (X): 134.14
Pitch (Y): 54.71
Yaw (Z): 42.34
Translation: [205.90, 61.25, 1097.58]

Ground Truth Pose:
Rotation:
[    0.46426     0.88542    0.049751]
[    0.41435    -0.16696    -0.89575]
[   -0.78403     0.43595    -0.44396]
Euler Angles (xyz, degrees):
Roll (X): 135.51
Pitch (Y): 51.58
Yaw (Z): 41.76
Translation: [205.50, 61.70, 1098.77]

Error Analysis:
Rotation Error (degrees):
Roll (X): -1.37
Pitch (Y): 3.13
Yaw (Z): 0.58
Total Rotation Error Euler: 3.46
Total Rotation Error Matrix: 1.99
Translation Error Vector [x, y, z]: [0.40, -0.45, -1.19] mm
Translation Error Magnitude: 1.33 mm

ADD Error Analysis:
ADD Error: 7.96
Point-wise distances: [     3.7945      9.4313      7.6514      9.3007       10.77      7.5962      11.038      4.1169]
Model diameter: 318.71 mm
10% threshold: 47.81 mm
Pose correct: True
Percentage of model diameter: 2.50
------------------------------
Frame 27:

Estimated Pose:
Rotation:
[     0.3522     0.93139    0.091967]
[    0.44682   -0.080988    -0.89095]
[   -0.82238     0.35489    -0.44469]
Roll (X): 141.41
Pitch (Y): 55.32
Yaw (Z): 51.75
Translation: [213.26, 42.78, 1122.68]

Ground Truth Pose:
Rotation:
[    0.37453     0.92698    0.049066]
[    0.48135    -0.14872    -0.86494]
[    -0.7937     0.34712    -0.50142]
Euler Angles (xyz, degrees):
Roll (X): 145.30
Pitch (Y): 52.48
Yaw (Z): 52.13
Translation: [210.13, 43.58, 1094.02]

Error Analysis:
Rotation Error (degrees):
Roll (X): -3.89
Pitch (Y): 2.85
Yaw (Z): -0.38
Total Rotation Error Euler: 4.84
Total Rotation Error Matrix: 3.42
Translation Error Vector [x, y, z]: [3.13, -0.80, 28.67] mm
Translation Error Magnitude: 28.85 mm

ADD Error Analysis:
ADD Error: 29.73
Point-wise distances: [     25.998      38.923      27.698      39.634      20.143      32.923      20.124      32.367]
Model diameter: 318.71 mm
10% threshold: 47.81 mm
Pose correct: True
Percentage of model diameter: 9.33
------------------------------
Frame 28:

Estimated Pose:
Rotation:
[    0.31504     0.94273     0.10954]
[    0.51346   -0.072239    -0.85506]
[   -0.79819     0.32563    -0.50682]
Roll (X): 147.28
Pitch (Y): 52.96
Yaw (Z): 58.47
Translation: [198.95, 68.12, 1092.02]

Ground Truth Pose:
Rotation:
[    0.35695     0.93189    0.078286]
[    0.53668    -0.13551    -0.83399]
[   -0.76583     0.33927    -0.54798]
Euler Angles (xyz, degrees):
Roll (X): 148.23
Pitch (Y): 49.93
Yaw (Z): 56.39
Translation: [195.91, 69.96, 1080.16]

Error Analysis:
Rotation Error (degrees):
Roll (X): -0.95
Pitch (Y): 3.03
Yaw (Z): 2.07
Total Rotation Error Euler: 3.79
Total Rotation Error Matrix: 2.86
Translation Error Vector [x, y, z]: [3.04, -1.84, 11.87] mm
Translation Error Magnitude: 12.39 mm

ADD Error Analysis:
ADD Error: 14.28
Point-wise distances: [     12.549      23.309      13.057      22.528      8.4152      15.851      5.7057      12.813]
Model diameter: 318.71 mm
10% threshold: 47.81 mm
Pose correct: True
Percentage of model diameter: 4.48
------------------------------
Frame 29:

Estimated Pose:
Rotation:
[    0.53124     0.84625    0.040509]
[    0.56582     -0.3188     -0.7604]
[   -0.63058     0.42688    -0.64818]
Roll (X): 146.63
Pitch (Y): 39.09
Yaw (Z): 46.81
Translation: [95.72, 2.05, 1056.14]

Ground Truth Pose:
Rotation:
[    0.57553      0.8168    0.060005]
[    0.57257    -0.34886    -0.74322]
[   -0.58554     0.46156    -0.66781]
Euler Angles (xyz, degrees):
Roll (X): 145.34
Pitch (Y): 35.81
Yaw (Z): 44.87
Translation: [96.17, 2.56, 1063.45]

Error Analysis:
Rotation Error (degrees):
Roll (X): 1.29
Pitch (Y): 3.28
Yaw (Z): 1.94
Total Rotation Error Euler: 4.02
Total Rotation Error Matrix: 1.94
Translation Error Vector [x, y, z]: [-0.45, -0.51, -7.30] mm
Translation Error Magnitude: 7.34 mm

ADD Error Analysis:
ADD Error: 10.06
Point-wise distances: [     6.3089      3.2788      10.026      3.9862      14.003      13.272      16.083      13.533]
Model diameter: 318.71 mm
10% threshold: 47.81 mm
Pose correct: True
Percentage of model diameter: 3.16
------------------------------
Frame 30:

Estimated Pose:
Rotation:
[     0.5404     0.84083    0.031249]
[    0.59252    -0.35392    -0.72365]
[    -0.5974     0.40958    -0.68946]
Roll (X): 149.29
Pitch (Y): 36.68
Yaw (Z): 47.63
Translation: [90.57, -27.55, 1039.95]

Ground Truth Pose:
Rotation:
[    0.58312     0.81073    0.068517]
[    0.60455    -0.37534    -0.70396]
[   -0.54445     0.45137    -0.70831]
Euler Angles (xyz, degrees):
Roll (X): 147.48
Pitch (Y): 32.96
Yaw (Z): 46.05
Translation: [88.81, -26.34, 1043.61]

Error Analysis:
Rotation Error (degrees):
Roll (X): 1.80
Pitch (Y): 3.72
Yaw (Z): 1.59
Total Rotation Error Euler: 4.43
Total Rotation Error Matrix: 2.64
Translation Error Vector [x, y, z]: [1.75, -1.21, -3.66] mm
Translation Error Magnitude: 4.24 mm

ADD Error Analysis:
ADD Error: 10.05
Point-wise distances: [     9.7125       6.728      12.102      4.9256      10.217      11.603      13.405      11.696]
Model diameter: 318.71 mm
10% threshold: 47.81 mm
Pose correct: True
Percentage of model diameter: 3.15
------------------------------
Frame 31:

Estimated Pose:
Rotation:
[    0.51682     0.85558    0.029782]
[    0.66602    -0.37997     -0.6419]
[   -0.53788     0.35158    -0.76621]
Roll (X): 155.35
Pitch (Y): 32.54
Yaw (Z): 52.19
Translation: [113.08, 13.87, 1015.51]

Ground Truth Pose:
Rotation:
[    0.54506     0.83584    0.079208]
[    0.67009    -0.37619    -0.64137]
[   -0.50578     0.40218     -0.7644]
Euler Angles (xyz, degrees):
Roll (X): 152.24
Pitch (Y): 30.36
Yaw (Z): 50.89
Translation: [109.11, 14.04, 1023.17]

Error Analysis:
Rotation Error (degrees):
Roll (X): 3.11
Pitch (Y): 2.18
Yaw (Z): 1.30
Total Rotation Error Euler: 4.01
Total Rotation Error Matrix: 1.56
Translation Error Vector [x, y, z]: [3.97, -0.16, -7.66] mm
Translation Error Magnitude: 8.63 mm

ADD Error Analysis:
ADD Error: 10.69
Point-wise distances: [     11.767      2.6472      14.281      6.6947      10.581      10.928      14.659      13.953]
Model diameter: 318.71 mm
10% threshold: 47.81 mm
Pose correct: True
Percentage of model diameter: 3.35
------------------------------
Frame 32:

Estimated Pose:
Rotation:
[    0.51524     0.85674    0.022984]
[    0.70933    -0.41123    -0.57248]
[   -0.48102     0.31127    -0.81959]
Roll (X): 159.20
Pitch (Y): 28.75
Yaw (Z): 54.01
Translation: [103.25, -7.58, 1003.94]

Ground Truth Pose:
Rotation:
[    0.54493     0.83191     0.11394]
[    0.72277    -0.39559    -0.56834]
[    -0.4273     0.39158    -0.81606]
Euler Angles (xyz, degrees):
Roll (X): 154.36
Pitch (Y): 25.28
Yaw (Z): 53.00
Translation: [97.74, -5.62, 1020.88]

Error Analysis:
Rotation Error (degrees):
Roll (X): 4.84
Pitch (Y): 3.47
Yaw (Z): 1.00
Total Rotation Error Euler: 6.04
Total Rotation Error Matrix: 4.76
Translation Error Vector [x, y, z]: [5.52, -1.96, -16.94] mm
Translation Error Magnitude: 17.92 mm

ADD Error Analysis:
ADD Error: 20.79
Point-wise distances: [     18.948      8.2476      23.535      14.247      22.523      22.302      28.866       27.63]
Model diameter: 318.71 mm
10% threshold: 47.81 mm
Pose correct: True
Percentage of model diameter: 6.52
------------------------------
Frame 33:

Estimated Pose:
Rotation:
[    0.51982      0.8533    0.040741]
[    0.71449    -0.40813    -0.56827]
[   -0.46828     0.32451    -0.82183]
Roll (X): 158.45
Pitch (Y): 27.92
Yaw (Z): 53.96
Translation: [95.03, 2.93, 1031.17]

Ground Truth Pose:
Rotation:
[    0.54922     0.82817     0.12042]
[    0.72372    -0.39769    -0.56566]
[   -0.42015     0.39734    -0.81699]
Euler Angles (xyz, degrees):
Roll (X): 154.06
Pitch (Y): 24.83
Yaw (Z): 52.82
Translation: [88.36, 4.45, 1030.35]

Error Analysis:
Rotation Error (degrees):
Roll (X): 4.39
Pitch (Y): 3.10
Yaw (Z): 1.14
Total Rotation Error Euler: 5.50
Total Rotation Error Matrix: 4.04
Translation Error Vector [x, y, z]: [6.67, -1.52, 0.82] mm
Translation Error Magnitude: 6.89 mm

ADD Error Analysis:
ADD Error: 11.79
Point-wise distances: [     19.852      8.6318      19.714      4.2615      10.903      6.8784      14.578      9.4898]
Model diameter: 318.71 mm
10% threshold: 47.81 mm
Pose correct: True
Percentage of model diameter: 3.70
------------------------------
Frame 34:

Estimated Pose:
Rotation:
[    0.48881     0.87051    0.057224]
[    0.72989    -0.37216    -0.57338]
[   -0.47784     0.32204    -0.81729]
Roll (X): 158.49
Pitch (Y): 28.54
Yaw (Z): 56.19
Translation: [100.26, 23.40, 1037.23]

Ground Truth Pose:
Rotation:
[    0.49277     0.86397     0.11282]
[    0.73583    -0.34323    -0.58536]
[   -0.46655       0.371     -0.8041]
Euler Angles (xyz, degrees):
Roll (X): 155.23
Pitch (Y): 27.79
Yaw (Z): 56.21
Translation: [96.01, 24.33, 1045.18]

Error Analysis:
Rotation Error (degrees):
Roll (X): 3.27
Pitch (Y): 0.75
Yaw (Z): -0.02
Total Rotation Error Euler: 3.35
Total Rotation Error Matrix: 1.34
Translation Error Vector [x, y, z]: [4.25, -0.93, -7.95] mm
Translation Error Magnitude: 9.06 mm

ADD Error Analysis:
ADD Error: 10.98
Point-wise distances: [     10.806      6.6559       13.14      9.9089      11.247      9.0787      14.373      12.669]
Model diameter: 318.71 mm
10% threshold: 47.81 mm
Pose correct: True
Percentage of model diameter: 3.45
------------------------------
Frame 35:

Estimated Pose:
Rotation:
[    0.36186     0.93177    0.029249]
[    0.70349    -0.25235    -0.66439]
[   -0.61168     0.26099    -0.74681]
Roll (X): 160.74
Pitch (Y): 37.71
Yaw (Z): 62.78
Translation: [145.66, 28.17, 1072.14]

Ground Truth Pose:
Rotation:
[     0.3824     0.92347    0.054288]
[    0.70714    -0.25392    -0.66136]
[   -0.59637      0.2909     -0.7494]
Euler Angles (xyz, degrees):
Roll (X): 158.78
Pitch (Y): 36.58
Yaw (Z): 61.62
Translation: [139.58, 27.85, 1061.07]

Error Analysis:
Rotation Error (degrees):
Roll (X): 1.95
Pitch (Y): 1.13
Yaw (Z): 1.16
Total Rotation Error Euler: 2.54
Total Rotation Error Matrix: 0.00
Translation Error Vector [x, y, z]: [6.08, 0.32, 11.06] mm
Translation Error Magnitude: 12.63 mm

ADD Error Analysis:
ADD Error: 12.97
Point-wise distances: [     17.409      15.253       16.14      13.454      11.812      10.746      10.331       8.577]
Model diameter: 318.71 mm
10% threshold: 47.81 mm
Pose correct: True
Percentage of model diameter: 4.07
------------------------------
Frame 36:

Estimated Pose:
Rotation:
[    0.38411     0.92319    0.013118]
[    0.79622    -0.32402    -0.51093]
[   -0.46744      0.2067    -0.85952]
Roll (X): 166.48
Pitch (Y): 27.87
Yaw (Z): 64.25
Translation: [110.79, 10.96, 1036.06]

Ground Truth Pose:
Rotation:
[    0.41719     0.90788    0.060742]
[    0.79753    -0.33265    -0.50516]
[   -0.43799     0.25884    -0.86201]
Euler Angles (xyz, degrees):
Roll (X): 163.28
Pitch (Y): 25.96
Yaw (Z): 62.41
Translation: [105.61, 11.86, 1025.84]

Error Analysis:
Rotation Error (degrees):
Roll (X): 3.19
Pitch (Y): 1.91
Yaw (Z): 1.84
Total Rotation Error Euler: 4.15
Total Rotation Error Matrix: 1.58
Translation Error Vector [x, y, z]: [5.18, -0.90, 10.22] mm
Translation Error Magnitude: 11.49 mm

ADD Error Analysis:
ADD Error: 12.84
Point-wise distances: [     20.316      16.284      18.432      12.793      10.339      10.167      8.3154       6.091]
Model diameter: 318.71 mm
10% threshold: 47.81 mm
Pose correct: True
Percentage of model diameter: 4.03
------------------------------
Frame 37:

Estimated Pose:
Rotation:
[    0.42996     0.90282  -0.0069675]
[    0.84998    -0.40738    -0.33403]
[    -0.3044      0.1377    -0.94254]
Roll (X): 171.69
Pitch (Y): 17.72
Yaw (Z): 63.17
Translation: [96.62, 22.07, 1027.27]

Ground Truth Pose:
Rotation:
[    0.45745     0.88741     0.07228]
[     0.8444     -0.4066    -0.35149]
[   -0.28226     0.22152    -0.93444]
Euler Angles (xyz, degrees):
Roll (X): 166.66
Pitch (Y): 16.38
Yaw (Z): 61.57
Translation: [93.01, 21.72, 1026.52]

Error Analysis:
Rotation Error (degrees):
Roll (X): 5.03
Pitch (Y): 1.34
Yaw (Z): 1.59
Total Rotation Error Euler: 5.44
Total Rotation Error Matrix: 3.93
Translation Error Vector [x, y, z]: [3.61, 0.35, 0.75] mm
Translation Error Magnitude: 3.70 mm

ADD Error Analysis:
ADD Error: 9.66
Point-wise distances: [     16.296      6.1724      15.762        1.88      8.4507      8.8455      10.185      9.6502]
Model diameter: 318.71 mm
10% threshold: 47.81 mm
Pose correct: True
Percentage of model diameter: 3.03
------------------------------
Frame 38:

Estimated Pose:
Rotation:
[    0.63833     0.76677    0.067821]
[    0.73161    -0.57694    -0.36316]
[   -0.23933     0.28144    -0.92925]
Roll (X): 163.15
Pitch (Y): 13.85
Yaw (Z): 48.90
Translation: [129.37, 17.08, 1010.21]

Ground Truth Pose:
Rotation:
