Pose Errors for obj_000005
==================================================

Frame 0:

Estimated Pose:
Rotation:
[    0.90542      0.4242   -0.016102]
[    0.28088    -0.62709    -0.72655]
[    -0.3183     0.65331    -0.68693]
Roll (X): 136.44
Pitch (Y): 18.56
Yaw (Z): 17.23
Translation: [128.60, -12.09, 983.28]

Ground Truth Pose:
Rotation:
[    0.89422     0.44576   -0.041793]
[    0.29322    -0.65362    -0.69775]
[   -0.33833     0.61167    -0.71516]
Euler Angles (xyz, degrees):
Roll (X): 139.46
Pitch (Y): 19.78
Yaw (Z): 18.15
Translation: [127.17, -25.74, 963.63]

Error Analysis:
Rotation Error (degrees):
Roll (X): -3.02
Pitch (Y): -1.21
Yaw (Z): -0.92
Total Rotation Error Euler: 3.39
Total Rotation Error Matrix: 3.05
Translation Error Vector [x, y, z]: [1.42, 13.65, 19.65] mm
Translation Error Magnitude: 23.96 mm

ADD Error Analysis:
ADD Error: 24.54
Point-wise distances: [     19.012      20.487      27.921      28.772      19.535      22.069      28.451      30.081]
Model diameter: 284.09 mm
10% threshold: 28.41 mm
Pose correct: True
Percentage of model diameter: 8.64
------------------------------
Frame 1:

Estimated Pose:
Rotation:
[     0.9152     0.40253    0.019308]
[    0.30388    -0.65785    -0.68912]
[   -0.26469     0.63655    -0.72439]
Roll (X): 138.69
Pitch (Y): 15.35
Yaw (Z): 18.37
Translation: [90.68, 49.68, 987.18]

Ground Truth Pose:
Rotation:
[    0.91324     0.40749   0.0026264]
[    0.30951    -0.68942    -0.65495]
[   -0.26507     0.59892     -0.7557]
Euler Angles (xyz, degrees):
Roll (X): 141.60
Pitch (Y): 15.37
Yaw (Z): 18.72
Translation: [89.60, 36.70, 965.14]

Error Analysis:
Rotation Error (degrees):
Roll (X): -2.91
Pitch (Y): -0.02
Yaw (Z): -0.35
Total Rotation Error Euler: 2.93
Total Rotation Error Matrix: 2.78
Translation Error Vector [x, y, z]: [1.08, 12.98, 22.04] mm
Translation Error Magnitude: 25.60 mm

ADD Error Analysis:
ADD Error: 26.05
Point-wise distances: [     20.741      22.965      29.686        31.3      20.399       22.86       29.34      31.121]
Model diameter: 284.09 mm
10% threshold: 28.41 mm
Pose correct: True
Percentage of model diameter: 9.17
------------------------------
Frame 2:

Estimated Pose:
Rotation:
[    0.92225      0.3863     0.01515]
[    0.30835    -0.71138    -0.63155]
[   -0.23319     0.58712    -0.77519]
Roll (X): 142.86
Pitch (Y): 13.48
Yaw (Z): 18.49
Translation: [100.02, 53.98, 997.12]

Ground Truth Pose:
Rotation:
[     0.9194     0.39339  -0.0045791]
[    0.31501    -0.74309    -0.59046]
[   -0.23567      0.5414    -0.80709]
Euler Angles (xyz, degrees):
Roll (X): 146.15
Pitch (Y): 13.63
Yaw (Z): 18.91
Translation: [99.30, 43.15, 973.71]

Error Analysis:
Rotation Error (degrees):
Roll (X): -3.29
Pitch (Y): -0.15
Yaw (Z): -0.43
Total Rotation Error Euler: 3.32
Total Rotation Error Matrix: 3.17
Translation Error Vector [x, y, z]: [0.71, 10.84, 23.40] mm
Translation Error Magnitude: 25.80 mm

ADD Error Analysis:
ADD Error: 26.37
Point-wise distances: [     20.201       22.84       30.36      32.194      19.995      23.008      30.152      32.246]
Model diameter: 284.09 mm
10% threshold: 28.41 mm
Pose correct: True
Percentage of model diameter: 9.28
------------------------------
Frame 3:

Estimated Pose:
Rotation:
[    0.95519     0.29298   -0.042016]
[    0.23734    -0.84301     -0.4827]
[   -0.17684      0.4511    -0.87478]
Roll (X): 152.72
Pitch (Y): 10.19
Yaw (Z): 13.95
Translation: [134.28, 51.90, 980.88]

Ground Truth Pose:
Rotation:
[    0.94893     0.30726   -0.072081]
[    0.24201    -0.85502    -0.45873]
[   -0.20257     0.41784    -0.88568]
Euler Angles (xyz, degrees):
Roll (X): 154.74
Pitch (Y): 11.69
Yaw (Z): 14.31
Translation: [134.37, 45.77, 964.78]

Error Analysis:
Rotation Error (degrees):
Roll (X): -2.02
Pitch (Y): -1.50
Yaw (Z): -0.35
Total Rotation Error Euler: 2.54
Total Rotation Error Matrix: 2.43
Translation Error Vector [x, y, z]: [-0.09, 6.13, 16.10] mm
Translation Error Magnitude: 17.23 mm

ADD Error Analysis:
ADD Error: 17.73
Point-wise distances: [     13.296      13.709      19.954      19.605      15.166      16.243       21.85      22.052]
Model diameter: 284.09 mm
10% threshold: 28.41 mm
Pose correct: True
Percentage of model diameter: 6.24
------------------------------
Frame 4:

Estimated Pose:
Rotation:
[    0.95816      0.2848    0.028595]
[    0.25909    -0.82051    -0.50955]
[   -0.12166     0.49564    -0.85997]
Roll (X): 150.04
Pitch (Y): 6.99
Yaw (Z): 15.13
Translation: [38.29, 111.51, 951.90]

Ground Truth Pose:
Rotation:
[    0.95315     0.30207     0.01848]
[    0.27425    -0.83632    -0.47478]
[   -0.12795     0.45758    -0.87994]
Euler Angles (xyz, degrees):
Roll (X): 152.52
Pitch (Y): 7.35
Yaw (Z): 16.05
Translation: [38.57, 103.32, 926.56]

Error Analysis:
Rotation Error (degrees):
Roll (X): -2.48
Pitch (Y): -0.36
Yaw (Z): -0.92
Total Rotation Error Euler: 2.67
Total Rotation Error Matrix: 2.50
Translation Error Vector [x, y, z]: [-0.29, 8.19, 25.34] mm
Translation Error Magnitude: 26.63 mm

ADD Error Analysis:
ADD Error: 26.98
Point-wise distances: [     22.445      23.945       30.06      31.237      22.326      24.404      29.918      31.539]
Model diameter: 284.09 mm
10% threshold: 28.41 mm
Pose correct: True
Percentage of model diameter: 9.50
------------------------------
Frame 5:

Estimated Pose:
Rotation:
[    0.92746     0.36594    0.076836]
[    0.36416    -0.83733    -0.40777]
[   -0.08488     0.40617    -0.90985]
Roll (X): 155.94
Pitch (Y): 4.87
Yaw (Z): 21.44
Translation: [13.58, 77.63, 925.45]

Ground Truth Pose:
Rotation:
[    0.91567     0.40058    0.033837]
[    0.38398    -0.84657    -0.36869]
[   -0.11904     0.35058    -0.92897]
Euler Angles (xyz, degrees):
Roll (X): 159.32
Pitch (Y): 6.84
Yaw (Z): 22.75
Translation: [13.81, 73.74, 896.04]

Error Analysis:
Rotation Error (degrees):
Roll (X): -3.38
Pitch (Y): -1.97
Yaw (Z): -1.31
Total Rotation Error Euler: 4.13
Total Rotation Error Matrix: 3.98
Translation Error Vector [x, y, z]: [-0.22, 3.89, 29.40] mm
Translation Error Magnitude: 29.66 mm

ADD Error Analysis:
ADD Error: 30.42
Point-wise distances: [     22.284      25.331      33.324      34.642      24.924      29.014      35.819      38.054]
Model diameter: 284.09 mm
10% threshold: 28.41 mm
Pose correct: False
Percentage of model diameter: 10.71
------------------------------
Frame 6:

Estimated Pose:
Rotation:
[    0.91843     0.38362    0.096505]
[    0.38594    -0.81549    -0.43131]
[  -0.086763     0.43338    -0.89703]
Roll (X): 154.21
Pitch (Y): 4.98
Yaw (Z): 22.79
Translation: [-13.88, 110.11, 973.13]

Ground Truth Pose:
Rotation:
[    0.91025     0.40975    0.060183]
[    0.39942    -0.83015    -0.38908]
[   -0.10946     0.37818    -0.91927]
Euler Angles (xyz, degrees):
Roll (X): 157.64
Pitch (Y): 6.28
Yaw (Z): 23.69
Translation: [-13.54, 103.44, 934.31]

Error Analysis:
Rotation Error (degrees):
Roll (X): -3.42
Pitch (Y): -1.31
Yaw (Z): -0.90
Total Rotation Error Euler: 3.77
Total Rotation Error Matrix: 3.65
Translation Error Vector [x, y, z]: [-0.34, 6.67, 38.81] mm
Translation Error Magnitude: 39.38 mm

ADD Error Analysis:
ADD Error: 39.87
Point-wise distances: [     32.185      35.236      43.013      45.076      33.949      37.573      44.694      47.253]
Model diameter: 284.09 mm
10% threshold: 28.41 mm
Pose correct: False
Percentage of model diameter: 14.04
------------------------------
Frame 7:

Estimated Pose:
Rotation:
[    0.92914     0.35745    0.094476]
[    0.36231    -0.82934    -0.42536]
[  -0.073693     0.42945    -0.90008]
Roll (X): 154.49
Pitch (Y): 4.23
Yaw (Z): 21.30
Translation: [-26.54, 125.59, 986.18]

Ground Truth Pose:
Rotation:
[    0.91944     0.38476    0.081592]
[    0.38545    -0.84018    -0.38156]
[  -0.078252     0.38226    -0.92077]
Euler Angles (xyz, degrees):
Roll (X): 157.45
Pitch (Y): 4.49
Yaw (Z): 22.74
Translation: [-24.81, 121.24, 962.62]

Error Analysis:
Rotation Error (degrees):
Roll (X): -2.96
Pitch (Y): -0.26
Yaw (Z): -1.44
Total Rotation Error Euler: 3.30
Total Rotation Error Matrix: 3.16
Translation Error Vector [x, y, z]: [-1.73, 4.35, 23.56] mm
Translation Error Magnitude: 24.03 mm

ADD Error Analysis:
ADD Error: 24.63
Point-wise distances: [     19.194      21.105      28.412      29.913       18.65      21.747      27.851      30.188]
Model diameter: 284.09 mm
10% threshold: 28.41 mm
Pose correct: True
Percentage of model diameter: 8.67
------------------------------
Frame 8:

Estimated Pose:
Rotation:
[    0.96164     0.25091      0.1109]
[     0.2742    -0.89146     -0.3607]
[  0.0083557     0.37727    -0.92607]
Roll (X): 157.83
Pitch (Y): -0.48
Yaw (Z): 15.92
Translation: [-39.13, 171.62, 1009.36]

Ground Truth Pose:
Rotation:
[    0.95727     0.27394    0.093033]
[    0.28924     -0.9135     -0.2862]
[  0.0065845     0.30087    -0.95367]
Euler Angles (xyz, degrees):
Roll (X): 162.49
Pitch (Y): -0.38
Yaw (Z): 16.81
Translation: [-35.07, 168.31, 978.16]

Error Analysis:
Rotation Error (degrees):
Roll (X): -4.66
Pitch (Y): -0.10
Yaw (Z): -0.90
Total Rotation Error Euler: 4.74
Total Rotation Error Matrix: 4.72
Translation Error Vector [x, y, z]: [-4.06, 3.31, 31.20] mm
Translation Error Magnitude: 31.64 mm

ADD Error Analysis:
ADD Error: 32.66
Point-wise distances: [     23.735      27.332      38.651      41.007      23.281      27.827      38.232      41.207]
Model diameter: 284.09 mm
10% threshold: 28.41 mm
Pose correct: False
Percentage of model diameter: 11.50
------------------------------
Frame 9:

Estimated Pose:
Rotation:
[    0.94716      0.3197    0.026075]
[    0.31444    -0.90935     -0.2724]
[  -0.063375     0.26621    -0.96183]
Roll (X): 164.53
Pitch (Y): 3.63
Yaw (Z): 18.37
Translation: [-35.92, 183.77, 1037.96]

Ground Truth Pose:
Rotation:
[    0.93689     0.34655    0.046947]
[    0.34831    -0.91264    -0.21409]
[  -0.031345     0.21692    -0.97571]
Euler Angles (xyz, degrees):
Roll (X): 167.47
Pitch (Y): 1.80
Yaw (Z): 20.39
Translation: [-32.59, 175.14, 962.46]

Error Analysis:
Rotation Error (degrees):
Roll (X): -2.94
Pitch (Y): 1.84
Yaw (Z): -2.03
Total Rotation Error Euler: 4.01
Total Rotation Error Matrix: 3.91
Translation Error Vector [x, y, z]: [-3.33, 8.63, 75.50] mm
Translation Error Magnitude: 76.07 mm

ADD Error Analysis:
ADD Error: 76.36
Point-wise distances: [     72.999       74.19      81.997      83.504      69.182      70.801      78.158      80.059]
Model diameter: 284.09 mm
10% threshold: 28.41 mm
Pose correct: False
Percentage of model diameter: 26.88
------------------------------
Frame 10:

Estimated Pose:
Rotation:
[    0.94347     0.32966    0.034342]
[    0.32339     -0.8929    -0.31329]
[  -0.072617     0.30669    -0.94904]
Roll (X): 162.09
Pitch (Y): 4.16
Yaw (Z): 18.92
Translation: [-29.96, 164.06, 1009.14]

Ground Truth Pose:
Rotation:
[    0.93414     0.35286    0.054308]
[    0.35478    -0.90048    -0.25163]
[  -0.039886     0.25432    -0.96633]
Euler Angles (xyz, degrees):
Roll (X): 165.26
Pitch (Y): 2.29
Yaw (Z): 20.80
Translation: [-29.38, 159.88, 964.65]

Error Analysis:
Rotation Error (degrees):
Roll (X): -3.16
Pitch (Y): 1.88
Yaw (Z): -1.88
Total Rotation Error Euler: 4.13
Total Rotation Error Matrix: 4.01
Translation Error Vector [x, y, z]: [-0.57, 4.18, 44.49] mm
Translation Error Magnitude: 44.69 mm

ADD Error Analysis:
ADD Error: 45.22
Point-wise distances: [     41.321      43.072      50.783      52.822      37.459      39.964      46.853      49.523]
Model diameter: 284.09 mm
10% threshold: 28.41 mm
Pose correct: False
Percentage of model diameter: 15.92
------------------------------
Frame 11:

Estimated Pose:
Rotation:
[    0.85688      0.5151    0.020554]
[     0.4462    -0.72112    -0.52999]
[   -0.25818     0.46331    -0.84775]
Roll (X): 151.34
Pitch (Y): 14.96
Yaw (Z): 27.51
Translation: [0.71, 147.64, 961.16]

Ground Truth Pose:
Rotation:
[    0.84056     0.54176   0.0056073]
[    0.46916    -0.72266    -0.50766]
[   -0.27097     0.42933    -0.86157]
Euler Angles (xyz, degrees):
Roll (X): 153.51
Pitch (Y): 15.72
Yaw (Z): 29.17
Translation: [-1.17, 139.38, 935.69]

Error Analysis:
Rotation Error (degrees):
Roll (X): -2.17
Pitch (Y): -0.76
Yaw (Z): -1.66
Total Rotation Error Euler: 2.84
Total Rotation Error Matrix: 2.42
Translation Error Vector [x, y, z]: [1.88, 8.26, 25.47] mm
Translation Error Magnitude: 26.84 mm

ADD Error Analysis:
ADD Error: 27.18
Point-wise distances: [     23.476      24.646      29.183      30.175      23.816      25.689      29.435      31.012]
Model diameter: 284.09 mm
10% threshold: 28.41 mm
Pose correct: True
Percentage of model diameter: 9.57
------------------------------
Frame 12:

Estimated Pose:
Rotation:
[     0.8309     0.55636    0.007877]
[    0.43761    -0.64468    -0.62681]
[   -0.34366     0.52426    -0.77913]
Roll (X): 146.06
Pitch (Y): 20.10
Yaw (Z): 27.77
Translation: [4.25, 123.68, 968.79]

Ground Truth Pose:
Rotation:
[    0.82246     0.56886  -0.0043221]
[     0.4538    -0.66063    -0.59807]
[   -0.34307     0.48991    -0.80147]
Euler Angles (xyz, degrees):
Roll (X): 148.56
Pitch (Y): 20.06
Yaw (Z): 28.89
Translation: [2.61, 112.39, 946.29]

Error Analysis:
Rotation Error (degrees):
Roll (X): -2.50
Pitch (Y): 0.04
Yaw (Z): -1.11
Total Rotation Error Euler: 2.74
Total Rotation Error Matrix: 2.30
Translation Error Vector [x, y, z]: [1.64, 11.29, 22.50] mm
Translation Error Magnitude: 25.23 mm

ADD Error Analysis:
ADD Error: 25.55
Point-wise distances: [     21.897      23.233      28.637      29.856      20.951      22.824      27.668        29.3]
Model diameter: 284.09 mm
10% threshold: 28.41 mm
Pose correct: True
Percentage of model diameter: 8.99
------------------------------
Frame 13:

Estimated Pose:
Rotation:
[    0.86753     0.49558   -0.042209]
[     0.3106    -0.60609    -0.73225]
[   -0.38847     0.62214    -0.67973]
Roll (X): 137.53
Pitch (Y): 22.86
Yaw (Z): 19.70
Translation: [64.86, 114.08, 941.30]

Ground Truth Pose:
Rotation:
[     0.8624     0.50146   -0.069756]
[    0.31462    -0.63876    -0.70218]
[   -0.39666      0.5836    -0.70861]
Euler Angles (xyz, degrees):
Roll (X): 140.53
Pitch (Y): 23.37
Yaw (Z): 20.04
Translation: [61.65, 100.31, 919.46]

Error Analysis:
Rotation Error (degrees):
Roll (X): -2.99
Pitch (Y): -0.51
Yaw (Z): -0.34
Total Rotation Error Euler: 3.06
Total Rotation Error Matrix: 2.87
Translation Error Vector [x, y, z]: [3.21, 13.76, 21.84] mm
Translation Error Magnitude: 26.01 mm

ADD Error Analysis:
ADD Error: 26.48
Point-wise distances: [     20.566      23.079       29.73      31.486      20.943      23.828      30.087      32.127]
Model diameter: 284.09 mm
10% threshold: 28.41 mm
Pose correct: True
Percentage of model diameter: 9.32
------------------------------
Frame 14:

Estimated Pose:
Rotation:
[    0.88061     0.47062   -0.055155]
[    0.24371    -0.54967    -0.79904]
[   -0.40636      0.6902    -0.59874]
Roll (X): 130.94
Pitch (Y): 23.98
Yaw (Z): 15.47
Translation: [88.27, 120.08, 920.78]

Ground Truth Pose:
Rotation:
[    0.87392     0.47669   -0.095441]
[    0.24014    -0.59398    -0.76784]
[    -0.4227     0.64808    -0.63354]
Euler Angles (xyz, degrees):
Roll (X): 134.35
Pitch (Y): 25.00
Yaw (Z): 15.36
Translation: [85.69, 104.20, 902.20]

Error Analysis:
Rotation Error (degrees):
Roll (X): -3.41
Pitch (Y): -1.03
Yaw (Z): 0.10
Total Rotation Error Euler: 3.56
Total Rotation Error Matrix: 3.56
Translation Error Vector [x, y, z]: [2.57, 15.88, 18.58] mm
Translation Error Magnitude: 24.58 mm

ADD Error Analysis:
ADD Error: 25.34
Point-wise distances: [     18.127      20.465      29.226      30.545      19.383      22.233      30.509      32.218]
Model diameter: 284.09 mm
10% threshold: 28.41 mm
Pose correct: True
Percentage of model diameter: 8.92
------------------------------
Frame 15:

Estimated Pose:
Rotation:
[    0.89308     0.44363   -0.074829]
[    0.16448    -0.47676    -0.86351]
[   -0.41875     0.75887    -0.49876]
Roll (X): 123.31
Pitch (Y): 24.76
Yaw (Z): 10.44
Translation: [88.19, 142.35, 899.35]

Ground Truth Pose:
Rotation:
[    0.88567     0.44847    -0.12059]
[    0.15502    -0.53027    -0.83357]
[   -0.43776     0.71954    -0.53915]
Euler Angles (xyz, degrees):
Roll (X): 126.84
Pitch (Y): 25.96
Yaw (Z): 9.93
Translation: [83.67, 124.35, 881.16]

Error Analysis:
Rotation Error (degrees):
Roll (X): -3.53
Pitch (Y): -1.20
Yaw (Z): 0.51
Total Rotation Error Euler: 3.76
Total Rotation Error Matrix: 3.92
Translation Error Vector [x, y, z]: [4.52, 18.00, 18.19] mm
Translation Error Magnitude: 25.98 mm

ADD Error Analysis:
ADD Error: 26.85
Point-wise distances: [     18.357      22.024      30.416      32.507      20.231      24.281      32.281      34.725]
Model diameter: 284.09 mm
10% threshold: 28.41 mm
Pose correct: True
Percentage of model diameter: 9.45
------------------------------
Frame 16:

Estimated Pose:
Rotation:
[    0.89129     0.45301   -0.019518]
[    0.20599    -0.44289    -0.87259]
[   -0.40394     0.77371    -0.48806]
Roll (X): 122.24
Pitch (Y): 23.82
Yaw (Z): 13.01
Translation: [77.23, 83.94, 942.70]

Ground Truth Pose:
Rotation:
[    0.88389     0.46292   -0.067125]
[    0.19429    -0.49387    -0.84758]
[    -0.4255     0.73611    -0.52645]
Euler Angles (xyz, degrees):
Roll (X): 125.57
Pitch (Y): 25.18
Yaw (Z): 12.40
Translation: [74.14, 66.18, 920.26]

Error Analysis:
Rotation Error (degrees):
Roll (X): -3.33
Pitch (Y): -1.36
Yaw (Z): 0.62
Total Rotation Error Euler: 3.65
Total Rotation Error Matrix: 3.83
Translation Error Vector [x, y, z]: [3.10, 17.77, 22.44] mm
Translation Error Magnitude: 28.78 mm

ADD Error Analysis:
ADD Error: 29.52
Point-wise distances: [     20.661      25.278      32.218      35.054      23.003      27.854      34.484       37.61]
Model diameter: 284.09 mm
10% threshold: 28.41 mm
Pose correct: True
Percentage of model diameter: 10.39
------------------------------
Frame 17:

Estimated Pose:
Rotation:
[    0.90573      0.4205   -0.053131]
[     0.1665    -0.46828    -0.86775]
[   -0.38977     0.77711    -0.49415]
Roll (X): 122.45
Pitch (Y): 22.94
Yaw (Z): 10.42
Translation: [67.77, 67.20, 970.10]

Ground Truth Pose:
Rotation:
[     0.8996     0.42904   -0.081933]
[    0.16362    -0.50492    -0.84755]
[   -0.40499     0.74902    -0.52441]
Euler Angles (xyz, degrees):
Roll (X): 125.00
Pitch (Y): 23.89
Yaw (Z): 10.31
Translation: [64.02, 48.72, 949.79]

Error Analysis:
Rotation Error (degrees):
Roll (X): -2.54
Pitch (Y): -0.95
Yaw (Z): 0.11
Total Rotation Error Euler: 2.72
Total Rotation Error Matrix: 2.70
Translation Error Vector [x, y, z]: [3.74, 18.48, 20.31] mm
Translation Error Magnitude: 27.71 mm

ADD Error Analysis:
ADD Error: 28.09
Point-wise distances: [     22.072      24.817      30.414      32.313      23.339      26.382      31.626      33.791]
Model diameter: 284.09 mm
10% threshold: 28.41 mm
Pose correct: True
Percentage of model diameter: 9.89
------------------------------
Frame 18:

Estimated Pose:
Rotation:
[    0.98325     0.17649   -0.045444]
[   0.017281    -0.33852     -0.9408]
[   -0.18142     0.92426    -0.33591]
Roll (X): 109.97
Pitch (Y): 10.45
Yaw (Z): 1.01
Translation: [208.14, 107.47, 982.80]

Ground Truth Pose:
Rotation:
[      0.984     0.16784   -0.061805]
[    0.01125      -0.403    -0.91523]
[   -0.17852     0.89981     -0.3984]
Euler Angles (xyz, degrees):
Roll (X): 113.88
Pitch (Y): 10.28
Yaw (Z): 0.65
Translation: [206.45, 85.69, 970.37]

Error Analysis:
Rotation Error (degrees):
Roll (X): -3.91
Pitch (Y): 0.17
Yaw (Z): 0.35
Total Rotation Error Euler: 3.93
Total Rotation Error Matrix: 3.85
Translation Error Vector [x, y, z]: [1.69, 21.78, 12.43] mm
Translation Error Magnitude: 25.14 mm

ADD Error Analysis:
ADD Error: 26.08
Point-wise distances: [     18.611      21.172      31.086      32.706      19.141      21.324      31.587      32.978]
Model diameter: 284.09 mm
10% threshold: 28.41 mm
Pose correct: True
Percentage of model diameter: 9.18
------------------------------
Frame 19:

Estimated Pose:
Rotation:
[    0.98469     0.17073   -0.035288]
[   0.016353    -0.29197    -0.95629]
[   -0.17357     0.94107    -0.29029]
Roll (X): 107.14
Pitch (Y): 10.00
Yaw (Z): 0.95
Translation: [186.77, 148.60, 954.29]

Ground Truth Pose:
Rotation:
[    0.98259     0.17757   -0.056743]
[   0.018603    -0.39632    -0.91802]
[    -0.1855     0.90091    -0.39269]
Euler Angles (xyz, degrees):
Roll (X): 113.55
Pitch (Y): 10.69
Yaw (Z): 1.08
Translation: [187.15, 123.80, 942.90]

Error Analysis:
Rotation Error (degrees):
Roll (X): -6.41
Pitch (Y): -0.69
Yaw (Z): -0.13
Total Rotation Error Euler: 6.45
Total Rotation Error Matrix: 6.34
Translation Error Vector [x, y, z]: [-0.38, 24.80, 11.39] mm
Translation Error Magnitude: 27.29 mm

ADD Error Analysis:
ADD Error: 29.62
Point-wise distances: [     19.434      20.814      38.505      39.195      19.054      21.711      38.424      39.784]
Model diameter: 284.09 mm
10% threshold: 28.41 mm
Pose correct: True
Percentage of model diameter: 10.42
------------------------------
Frame 20:

Estimated Pose:
Rotation:
[    0.98044     0.19316   -0.037837]
[   0.024133    -0.30875    -0.95084]
[   -0.19534     0.93132    -0.30737]
Roll (X): 108.26
Pitch (Y): 11.26
Yaw (Z): 1.41
Translation: [194.23, 143.13, 932.32]

Ground Truth Pose:
Rotation:
[    0.97939     0.19376   -0.059065]
[   0.024494    -0.40278    -0.91507]
[   -0.20108     0.89468    -0.39919]
Euler Angles (xyz, degrees):
Roll (X): 114.04
Pitch (Y): 11.60
Yaw (Z): 1.43
Translation: [194.00, 117.72, 918.52]

Error Analysis:
Rotation Error (degrees):
Roll (X): -5.78
Pitch (Y): -0.33
Yaw (Z): -0.02
Total Rotation Error Euler: 5.79
Total Rotation Error Matrix: 5.69
Translation Error Vector [x, y, z]: [0.23, 25.41, 13.80] mm
Translation Error Magnitude: 28.91 mm

ADD Error Analysis:
ADD Error: 30.66
Point-wise distances: [     20.465      23.429      38.319       39.97      20.464      23.892      38.402      40.323]
Model diameter: 284.09 mm
10% threshold: 28.41 mm
Pose correct: False
Percentage of model diameter: 10.79
------------------------------
Frame 21:

Estimated Pose:
Rotation:
[    0.97866     0.20419   -0.023242]
[   0.039721    -0.29891    -0.95345]
[   -0.20163     0.93218    -0.30064]
Roll (X): 107.88
Pitch (Y): 11.63
Yaw (Z): 2.32
Translation: [204.79, 126.18, 920.34]

Ground Truth Pose:
Rotation:
[    0.97906     0.19596   -0.057312]
[   0.022694    -0.38346    -0.92338]
[   -0.20292     0.90266    -0.37984]
Euler Angles (xyz, degrees):
Roll (X): 112.82
Pitch (Y): 11.71
Yaw (Z): 1.33
Translation: [206.07, 104.03, 915.95]

Error Analysis:
Rotation Error (degrees):
Roll (X): -4.94
Pitch (Y): -0.07
Yaw (Z): 1.00
Total Rotation Error Euler: 5.04
Total Rotation Error Matrix: 5.13
Translation Error Vector [x, y, z]: [-1.29, 22.15, 4.39] mm
Translation Error Magnitude: 22.62 mm

ADD Error Analysis:
ADD Error: 24.47
Point-wise distances: [     18.372      14.244      32.128      30.047      19.901      15.648      33.834      31.604]
Model diameter: 284.09 mm
10% threshold: 28.41 mm
Pose correct: True
Percentage of model diameter: 8.61
------------------------------
Frame 22:

Estimated Pose:
Rotation:
[    0.97984     0.19918    0.015499]
[   0.049296    -0.16586    -0.98492]
[   -0.19361     0.96582    -0.17234]
Roll (X): 100.12
Pitch (Y): 11.16
Yaw (Z): 2.88
Translation: [203.45, 127.89, 931.45]

Ground Truth Pose:
Rotation:
[    0.97925     0.20286   -0.012796]
[    0.03968    -0.25254    -0.96687]
[   -0.19936      0.9462    -0.25534]
Euler Angles (xyz, degrees):
Roll (X): 105.10
Pitch (Y): 11.50
Yaw (Z): 2.32
Translation: [207.01, 103.32, 930.97]

Error Analysis:
Rotation Error (degrees):
Roll (X): -4.98
Pitch (Y): -0.33
Yaw (Z): 0.56
Total Rotation Error Euler: 5.02
Total Rotation Error Matrix: 5.03
Translation Error Vector [x, y, z]: [-3.56, 24.56, 0.48] mm
Translation Error Magnitude: 24.82 mm

ADD Error Analysis:
ADD Error: 26.40
Point-wise distances: [     21.229      15.833      34.886      31.846      21.791      16.952      35.718      32.946]
Model diameter: 284.09 mm
10% threshold: 28.41 mm
Pose correct: True
Percentage of model diameter: 9.29
------------------------------
Frame 23:

Estimated Pose:
Rotation:
[    0.99258     0.12156  -0.0032399]
[   0.015882    -0.15601    -0.98763]
[   -0.12056     0.98025    -0.15679]
Roll (X): 99.09
Pitch (Y): 6.92
Yaw (Z): 0.92
Translation: [163.50, 114.60, 954.30]

Ground Truth Pose:
Rotation:
[    0.98944     0.14102   -0.036837]
[ -0.0017971    -0.24098    -0.97062]
[   -0.14575     0.96035    -0.23817]
Euler Angles (xyz, degrees):
Roll (X): 103.93
Pitch (Y): 8.38
Yaw (Z): -0.10
Translation: [166.32, 88.89, 949.26]

Error Analysis:
Rotation Error (degrees):
Roll (X): -4.84
Pitch (Y): -1.46
Yaw (Z): 1.02
Total Rotation Error Euler: 5.15
Total Rotation Error Matrix: 5.18
Translation Error Vector [x, y, z]: [-2.83, 25.71, 5.04] mm
Translation Error Magnitude: 26.35 mm

ADD Error Analysis:
ADD Error: 27.91
Point-wise distances: [     20.161      18.435      35.192      33.736      21.215      21.351      36.786      36.404]
Model diameter: 284.09 mm
10% threshold: 28.41 mm
Pose correct: True
Percentage of model diameter: 9.82
------------------------------
Frame 24:

Estimated Pose:
Rotation:
[    0.97665     0.21481    0.001762]
[   0.045471    -0.19871      -0.979]
[   -0.20995     0.95623    -0.20384]
Roll (X): 102.03
Pitch (Y): 12.12
Yaw (Z): 2.67
Translation: [137.73, 121.62, 943.45]

Ground Truth Pose:
Rotation:
[    0.97759     0.20822   -0.034755]
[   0.029925     -0.2997    -0.95366]
[   -0.20897     0.93116    -0.29919]
Euler Angles (xyz, degrees):
Roll (X): 107.81
Pitch (Y): 12.06
Yaw (Z): 1.75
Translation: [142.46, 98.60, 953.52]

Error Analysis:
Rotation Error (degrees):
Roll (X): -5.78
Pitch (Y): 0.06
Yaw (Z): 0.91
Total Rotation Error Euler: 5.85
Total Rotation Error Matrix: 5.95
Translation Error Vector [x, y, z]: [-4.73, 23.02, -10.07] mm
Translation Error Magnitude: 25.57 mm

ADD Error Analysis:
ADD Error: 27.39
Point-wise distances: [     27.966      11.176      38.647      29.008      28.966      12.709      40.087      30.569]
Model diameter: 284.09 mm
10% threshold: 28.41 mm
Pose correct: True
Percentage of model diameter: 9.64
------------------------------
Frame 25:

Estimated Pose:
Rotation:
[    0.99656    0.082899 -0.00042986]
[    0.02764    -0.33715    -0.94105]
[  -0.078157     0.93779    -0.33828]
Roll (X): 109.84
Pitch (Y): 4.48
Yaw (Z): 1.59
Translation: [213.10, 193.28, 990.39]

Ground Truth Pose:
Rotation:
[    0.99568    0.094092  -0.0045566]
[   0.037326    -0.43851    -0.89805]
[  -0.086499     0.89392    -0.44008]
Euler Angles (xyz, degrees):
Roll (X): 116.21
Pitch (Y): 4.96
Yaw (Z): 2.15
Translation: [212.86, 167.56, 973.84]

Error Analysis:
Rotation Error (degrees):
Roll (X): -6.37
Pitch (Y): -0.48
Yaw (Z): -0.56
Total Rotation Error Euler: 6.42
Total Rotation Error Matrix: 6.29
Translation Error Vector [x, y, z]: [0.23, 25.72, 16.55] mm
Translation Error Magnitude: 30.59 mm

ADD Error Analysis:
ADD Error: 32.59
Point-wise distances: [     21.301      25.521      40.914      43.312      20.447      25.792      40.192      43.208]
Model diameter: 284.09 mm
10% threshold: 28.41 mm
Pose correct: False
Percentage of model diameter: 11.47
------------------------------
Frame 26:

Estimated Pose:
Rotation:
[    0.99863    0.050431     0.01412]
[   0.034354    -0.42733    -0.90344]
[  -0.039528     0.90269    -0.42848]
Roll (X): 115.39
Pitch (Y): 2.27
Yaw (Z): 1.97
Translation: [259.54, 157.73, 1000.20]

Ground Truth Pose:
Rotation:
[    0.99715     0.07147    0.028924]
[   0.061895    -0.51836    -0.85303]
[  -0.045979     0.85231    -0.52124]
Euler Angles (xyz, degrees):
Roll (X): 121.45
Pitch (Y): 2.63
Yaw (Z): 3.55
Translation: [254.19, 130.93, 969.47]

Error Analysis:
Rotation Error (degrees):
Roll (X): -6.05
Pitch (Y): -0.37
Yaw (Z): -1.58
Total Rotation Error Euler: 6.27
Total Rotation Error Matrix: 6.12
Translation Error Vector [x, y, z]: [5.35, 26.80, 30.73] mm
Translation Error Magnitude: 41.12 mm

ADD Error Analysis:
ADD Error: 42.56
Point-wise distances: [     31.185      38.345      49.067       54.16      29.453      37.974      47.134      53.141]
Model diameter: 284.09 mm
10% threshold: 28.41 mm
Pose correct: False
Percentage of model diameter: 14.98
------------------------------
Frame 27:

Estimated Pose:
Rotation:
[    0.98901     0.14749    0.010655]
[   0.078563    -0.46304    -0.88285]
[   -0.12528     0.87398    -0.46954]
Roll (X): 118.25
Pitch (Y): 7.20
Yaw (Z): 4.54
Translation: [245.50, 144.66, 987.24]

Ground Truth Pose:
Rotation:
[    0.98552     0.16915    0.019638]
[    0.11294    -0.56294    -0.81886]
[   -0.12746     0.80915    -0.57383]
Euler Angles (xyz, degrees):
Roll (X): 125.34
Pitch (Y): 7.32
Yaw (Z): 6.54
Translation: [244.12, 122.50, 965.57]

Error Analysis:
Rotation Error (degrees):
Roll (X): -7.10
Pitch (Y): -0.13
Yaw (Z): -2.00
Total Rotation Error Euler: 7.37
Total Rotation Error Matrix: 7.05
Translation Error Vector [x, y, z]: [1.38, 22.16, 21.67] mm
Translation Error Magnitude: 31.03 mm

ADD Error Analysis:
ADD Error: 33.53
Point-wise distances: [     22.111       27.27      42.844      46.152      18.995      26.628      39.802      44.408]
Model diameter: 284.09 mm
10% threshold: 28.41 mm
Pose correct: False
Percentage of model diameter: 11.80
------------------------------
Frame 28:

Estimated Pose:
Rotation:
[    0.98197     0.18028    0.056867]
[     0.1433     -0.5137    -0.84592]
[   -0.12329     0.83882    -0.53027]
Roll (X): 122.30
Pitch (Y): 7.08
Yaw (Z): 8.30
Translation: [227.77, 180.23, 982.47]

Ground Truth Pose:
Rotation:
[    0.98092     0.18923    0.047217]
[    0.15359    -0.60024    -0.78506]
[   -0.12021     0.77726    -0.61778]
Euler Angles (xyz, degrees):
Roll (X): 128.48
Pitch (Y): 6.90
Yaw (Z): 8.90
Translation: [227.03, 156.92, 956.25]

Error Analysis:
Rotation Error (degrees):
Roll (X): -6.18
Pitch (Y): 0.18
Yaw (Z): -0.60
Total Rotation Error Euler: 6.21
Total Rotation Error Matrix: 6.05
Translation Error Vector [x, y, z]: [0.74, 23.31, 26.22] mm
Translation Error Magnitude: 35.09 mm

ADD Error Analysis:
ADD Error: 36.67
Point-wise distances: [      25.09      31.036       44.34       47.98      24.039      30.429      43.296      47.168]
Model diameter: 284.09 mm
10% threshold: 28.41 mm
Pose correct: False
Percentage of model diameter: 12.91
------------------------------
Frame 29:

Estimated Pose:
Rotation:
[    0.99335    -0.10139    0.054469]
[   -0.02574    -0.65695    -0.75349]
[    0.11218     0.74708     -0.6552]
Roll (X): 131.25
Pitch (Y): -6.44
Yaw (Z): -1.48
Translation: [163.06, 121.52, 995.94]

Ground Truth Pose:
Rotation:
[    0.99716   -0.057718    0.050809]
[ -0.0078333    -0.73362    -0.67966]
[   0.076486     0.67727     -0.7319]
Euler Angles (xyz, degrees):
Roll (X): 137.22
Pitch (Y): -4.39
Yaw (Z): -0.45
Translation: [163.50, 100.08, 964.24]

Error Analysis:
Rotation Error (degrees):
Roll (X): -5.97
Pitch (Y): -2.05
Yaw (Z): -1.03
Total Rotation Error Euler: 6.40
Total Rotation Error Matrix: 6.40
Translation Error Vector [x, y, z]: [-0.44, 21.45, 31.70] mm
Translation Error Magnitude: 38.27 mm

ADD Error Analysis:
ADD Error: 39.94
Point-wise distances: [      27.91      32.314      46.701      49.126      28.765      35.363      47.713      51.641]
Model diameter: 284.09 mm
10% threshold: 28.41 mm
Pose correct: False
Percentage of model diameter: 14.06
------------------------------
Frame 30:

Estimated Pose:
Rotation:
[    0.99385   -0.094018    0.058473]
[  -0.023981    -0.69838    -0.71532]
[    0.10809     0.70952    -0.69634]
Roll (X): 134.46
Pitch (Y): -6.21
Yaw (Z): -1.38
Translation: [155.87, 95.48, 977.59]

Ground Truth Pose:
Rotation:
[    0.99609   -0.066549    0.060156]
[  -0.013052    -0.77102    -0.63683]
[   0.088744     0.63351    -0.76877]
Euler Angles (xyz, degrees):
Roll (X): 140.51
Pitch (Y): -5.09
Yaw (Z): -0.75
Translation: [157.42, 76.62, 951.01]

Error Analysis:
Rotation Error (degrees):
Roll (X): -6.05
Pitch (Y): -1.11
Yaw (Z): -0.63
Total Rotation Error Euler: 6.18
Total Rotation Error Matrix: 6.15
Translation Error Vector [x, y, z]: [-1.55, 18.86, 26.58] mm
Translation Error Magnitude: 32.63 mm

ADD Error Analysis:
ADD Error: 34.43
Point-wise distances: [     23.549      26.248      42.359      43.797      23.657       27.97      42.737      45.151]
Model diameter: 284.09 mm
10% threshold: 28.41 mm
Pose correct: False
Percentage of model diameter: 12.12
------------------------------
Frame 31:

Estimated Pose:
Rotation:
[    0.99712   -0.049433    0.057461]
[ 0.00072948    -0.75179    -0.65941]
[   0.075795     0.65755    -0.74959]
Roll (X): 138.74
Pitch (Y): -4.35
Yaw (Z): 0.04
Translation: [167.13, 144.10, 955.08]

Ground Truth Pose:
Rotation:
[    0.99769   -0.020244    0.066702]
[   0.021444    -0.82147    -0.57002]
[   0.066317     0.57009    -0.81903]
Euler Angles (xyz, degrees):
Roll (X): 145.16
Pitch (Y): -3.80
Yaw (Z): 1.23
Translation: [171.27, 126.87, 937.80]

Error Analysis:
Rotation Error (degrees):
Roll (X): -6.42
Pitch (Y): -0.54
Yaw (Z): -1.19
Total Rotation Error Euler: 6.55
Total Rotation Error Matrix: 6.55
Translation Error Vector [x, y, z]: [-4.14, 17.23, 17.27] mm
Translation Error Magnitude: 24.75 mm

ADD Error Analysis:
ADD Error: 27.47
Point-wise distances: [     20.713      16.087      38.284      36.104      18.774      16.744      36.976      36.099]
Model diameter: 284.09 mm
10% threshold: 28.41 mm
Pose correct: True
Percentage of model diameter: 9.67
------------------------------
Frame 32:

Estimated Pose:
Rotation:
[    0.99384   -0.065403      0.0895]
[  0.0022266    -0.79545    -0.60601]
[    0.11083     0.60247    -0.79041]
Roll (X): 142.68
Pitch (Y): -6.36
Yaw (Z): 0.13
Translation: [154.29, 130.16, 961.73]

Ground Truth Pose:
Rotation:
[    0.99478   -0.019075     0.10148]
[    0.03358    -0.86973     -0.4926]
[    0.09764      0.4934    -0.86443]
Euler Angles (xyz, degrees):
Roll (X): 150.28
Pitch (Y): -5.60
Yaw (Z): 1.93
Translation: [159.90, 115.56, 947.84]

Error Analysis:
Rotation Error (degrees):
Roll (X): -7.60
Pitch (Y): -0.76
Yaw (Z): -1.80
Total Rotation Error Euler: 7.85
Total Rotation Error Matrix: 7.96
Translation Error Vector [x, y, z]: [-5.61, 14.60, 13.88] mm
Translation Error Magnitude: 20.92 mm

ADD Error Analysis:
ADD Error: 25.74
Point-wise distances: [      20.78      10.882      38.464       34.36      17.446      12.971      36.346      34.633]
Model diameter: 284.09 mm
10% threshold: 28.41 mm
Pose correct: True
Percentage of model diameter: 9.06
------------------------------
Frame 33:

Estimated Pose:
Rotation:
[    0.99199   -0.047906     0.11685]
[   0.032538    -0.79708      -0.603]
[    0.12203     0.60197    -0.78914]
Roll (X): 142.66
Pitch (Y): -7.01
Yaw (Z): 1.88
Translation: [149.07, 143.87, 994.34]

Ground Truth Pose:
Rotation:
[    0.99393    -0.02408     0.10845]
[   0.032329    -0.87139    -0.48974]
[    0.10627     0.49024    -0.86521]
Euler Angles (xyz, degrees):
Roll (X): 150.46
Pitch (Y): -6.10
Yaw (Z): 1.86
Translation: [151.26, 125.82, 958.27]

Error Analysis:
Rotation Error (degrees):
Roll (X): -7.80
Pitch (Y): -0.91
Yaw (Z): 0.02
Total Rotation Error Euler: 7.85
Total Rotation Error Matrix: 7.78
Translation Error Vector [x, y, z]: [-2.18, 18.05, 36.08] mm
Translation Error Magnitude: 40.40 mm

ADD Error Analysis:
ADD Error: 42.71
Point-wise distances: [     28.479      32.507      52.475       54.69      29.516      34.089      53.671      56.242]
Model diameter: 284.09 mm
10% threshold: 28.41 mm
Pose correct: False
Percentage of model diameter: 15.03
------------------------------
Frame 34:

Estimated Pose:
Rotation:
[    0.99577   0.0099421    0.091315]
[   0.063432    -0.79344    -0.60533]
[   0.066435     0.60856    -0.79072]
Roll (X): 142.42
Pitch (Y): -3.81
Yaw (Z): 3.64
Translation: [146.91, 162.44, 991.42]

Ground Truth Pose:
Rotation:
[    0.99473    0.041759    0.094899]
[   0.084722    -0.85508    -0.51174]
[    0.05976     0.51704      -0.854]
Euler Angles (xyz, degrees):
Roll (X): 148.81
Pitch (Y): -3.43
Yaw (Z): 4.87
Translation: [149.44, 146.24, 966.66]

Error Analysis:
Rotation Error (degrees):
Roll (X): -6.39
Pitch (Y): -0.38
Yaw (Z): -1.22
Total Rotation Error Euler: 6.52
Total Rotation Error Matrix: 6.51
Translation Error Vector [x, y, z]: [-2.53, 16.20, 24.77] mm
Translation Error Magnitude: 29.70 mm

ADD Error Analysis:
ADD Error: 31.96
Point-wise distances: [     23.021      22.392      41.891      41.664      21.439      22.917      40.714      41.627]
Model diameter: 284.09 mm
10% threshold: 28.41 mm
Pose correct: False
Percentage of model diameter: 11.25
------------------------------
Frame 35:

Estimated Pose:
Rotation:
[    0.99119      0.1255    0.042307]
[    0.12131    -0.73212    -0.67029]
[  -0.053147     0.66951     -0.7409]
Roll (X): 137.90
Pitch (Y): 3.05
Yaw (Z): 6.98
Translation: [173.63, 160.86, 991.53]

Ground Truth Pose:
Rotation:
[    0.98673     0.16112     0.02558]
[    0.14458    -0.79104     -0.5946]
[  -0.075571     0.59036    -0.80373]
Euler Angles (xyz, degrees):
Roll (X): 143.70
Pitch (Y): 4.33
Yaw (Z): 8.34
Translation: [174.84, 143.34, 964.63]

Error Analysis:
Rotation Error (degrees):
Roll (X): -5.80
Pitch (Y): -1.29
Yaw (Z): -1.36
Total Rotation Error Euler: 6.10
Total Rotation Error Matrix: 5.92
Translation Error Vector [x, y, z]: [-1.21, 17.52, 26.90] mm
Translation Error Magnitude: 32.12 mm

ADD Error Analysis:
ADD Error: 33.81
Point-wise distances: [     24.149      25.612      41.792      42.587       23.53      27.443      41.545      43.814]
Model diameter: 284.09 mm
10% threshold: 28.41 mm
Pose correct: False
Percentage of model diameter: 11.90
------------------------------
Frame 36:

Estimated Pose:
Rotation:
[    0.98976     0.12792    0.063293]
[    0.14194    -0.83614    -0.52983]
[  -0.014851     0.53339    -0.84574]
Roll (X): 147.76
Pitch (Y): 0.85
Yaw (Z): 8.16
Translation: [144.46, 156.53, 982.71]

Ground Truth Pose:
Rotation:
[    0.99177     0.12407    0.035308]
[    0.12718    -0.89474    -0.42834]
[   -0.02156     0.42927    -0.90304]
Euler Angles (xyz, degrees):
Roll (X): 154.58
Pitch (Y): 1.24
Yaw (Z): 7.31
Translation: [146.55, 142.73, 954.57]

Error Analysis:
Rotation Error (degrees):
Roll (X): -6.81
Pitch (Y): -0.38
Yaw (Z): 0.85
Total Rotation Error Euler: 6.88
Total Rotation Error Matrix: 6.81
Translation Error Vector [x, y, z]: [-2.09, 13.80, 28.14] mm
Translation Error Magnitude: 31.41 mm

ADD Error Analysis:
ADD Error: 33.74
Point-wise distances: [     22.304      23.983      42.671      43.673      23.911      24.572      44.182      44.642]
Model diameter: 284.09 mm
10% threshold: 28.41 mm
Pose correct: False
Percentage of model diameter: 11.88
------------------------------
Frame 37:

Estimated Pose:
Rotation:
[    0.99779    0.046214    0.047779]
[   0.061029    -0.92177     -0.3829]
[   0.026346     0.38497    -0.92255]
Roll (X): 157.35
Pitch (Y): -1.51
Yaw (Z): 3.50
Translation: [136.61, 173.10, 1016.13]

Ground Truth Pose:
Rotation:
[     0.9956    0.080298    0.050756]
[   0.091029    -0.95927    -0.26785]
[   0.027169     0.27128    -0.96222]
Euler Angles (xyz, degrees):
Roll (X): 164.26
Pitch (Y): -1.56
Yaw (Z): 5.22
Translation: [140.56, 161.24, 980.06]

Error Analysis:
Rotation Error (degrees):
Roll (X): -6.91
Pitch (Y): 0.05
Yaw (Z): -1.72
Total Rotation Error Euler: 7.12
Total Rotation Error Matrix: 7.09
Translation Error Vector [x, y, z]: [-3.95, 11.87, 36.07] mm
Translation Error Magnitude: 38.18 mm

ADD Error Analysis:
ADD Error: 40.18
Point-wise distances: [     30.452      29.669      51.401      51.146      28.372      29.851      49.723      50.788]
Model diameter: 284.09 mm
10% threshold: 28.41 mm
Pose correct: False
Percentage of model diameter: 14.14
------------------------------
Frame 38:

Estimated Pose:
Rotation:
[    0.97468    -0.22345  -0.0089052]
[   -0.20799    -0.89119    -0.40314]
[   0.082145     0.39478    -0.91509]
Roll (X): 156.66
Pitch (Y): -4.71
Yaw (Z): -12.05
