Pose Errors for obj_000012
==================================================

Frame 0:

Estimated Pose:
Rotation:
[    0.53188    -0.84666    0.016516]
[   -0.61256    -0.39813    -0.68283]
[     0.5847     0.35307    -0.73039]
Roll (X): 154.20
Pitch (Y): -35.78
Yaw (Z): -49.03
Translation: [-79.66, 39.36, 960.64]

Ground Truth Pose:
Rotation:
[   -0.58296     0.81247  -0.0092161]
[    0.60304     0.42503    -0.67507]
[   -0.54455    -0.39909    -0.73772]
Euler Angles (xyz, degrees):
Roll (X): -151.59
Pitch (Y): 32.99
Yaw (Z): 134.03
Translation: [-73.78, 30.05, 993.21]

Error Analysis:
Rotation Error (degrees):
Roll (X): 305.79
Pitch (Y): -68.78
Yaw (Z): -183.06
Total Rotation Error Euler: 362.97
Total Rotation Error Matrix: 176.49
Translation Error Vector [x, y, z]: [-5.87, 9.31, -32.57] mm
Translation Error Magnitude: 34.38 mm

ADD Error Analysis:
ADD Error: 111.63
Point-wise distances: [     34.385      105.85      151.12      135.97      102.58      113.88      115.61      110.86      134.38]
Model diameter: 145.58 mm
10% threshold: 14.56 mm
Pose correct: False
Percentage of model diameter: 76.68
------------------------------
Frame 1:

Estimated Pose:
Rotation:
[    0.50504    -0.86278   -0.023299]
[    -0.6112    -0.33846    -0.71546]
[     0.6094     0.37558    -0.69827]
Roll (X): 151.73
Pitch (Y): -37.55
Yaw (Z): -50.43
Translation: [-117.96, 98.93, 955.94]

Ground Truth Pose:
Rotation:
[   -0.56359      0.8257    0.025486]
[    0.63438     0.45236    -0.62688]
[   -0.52913    -0.33712    -0.77873]
Euler Angles (xyz, degrees):
Roll (X): -156.59
Pitch (Y): 31.95
Yaw (Z): 131.62
Translation: [-113.09, 93.25, 984.78]

Error Analysis:
Rotation Error (degrees):
Roll (X): 308.32
Pitch (Y): -69.49
Yaw (Z): -182.05
Total Rotation Error Euler: 364.73
Total Rotation Error Matrix: 176.05
Translation Error Vector [x, y, z]: [-4.88, 5.68, -28.85] mm
Translation Error Magnitude: 29.80 mm

ADD Error Analysis:
ADD Error: 111.24
Point-wise distances: [     29.809      105.84      150.61      132.63       111.6      116.82      112.79      111.65      129.42]
Model diameter: 145.58 mm
10% threshold: 14.56 mm
Pose correct: False
Percentage of model diameter: 76.41
------------------------------
Frame 2:

Estimated Pose:
Rotation:
[    0.47678    -0.87895   -0.011628]
[   -0.57281    -0.30063    -0.76257]
[    0.66676     0.37024     -0.6468]
Roll (X): 150.21
Pitch (Y): -41.82
Yaw (Z): -50.23
Translation: [-108.01, 106.92, 967.87]

Ground Truth Pose:
Rotation:
[   -0.55069     0.83454    0.018843]
[    0.68511     0.46476    -0.56097]
[   -0.47689      -0.296    -0.82766]
Euler Angles (xyz, degrees):
Roll (X): -160.32
Pitch (Y): 28.48
Yaw (Z): 128.79
Translation: [-102.58, 101.06, 997.60]

Error Analysis:
Rotation Error (degrees):
Roll (X): 310.53
Pitch (Y): -70.30
Yaw (Z): -179.02
Total Rotation Error Euler: 365.27
Total Rotation Error Matrix: 175.17
Translation Error Vector [x, y, z]: [-5.43, 5.86, -29.73] mm
Translation Error Magnitude: 30.78 mm

ADD Error Analysis:
ADD Error: 112.10
Point-wise distances: [     30.785      100.07      155.16      136.84      115.41      114.83      112.59      112.78      130.41]
Model diameter: 145.58 mm
10% threshold: 14.56 mm
Pose correct: False
Percentage of model diameter: 77.00
------------------------------
Frame 3:

Estimated Pose:
Rotation:
[    0.38922    -0.92111   0.0077867]
[   -0.47301    -0.20711    -0.85637]
[    0.79043     0.32963     -0.5163]
Roll (X): 147.44
Pitch (Y): -52.23
Yaw (Z): -50.55
Translation: [-65.73, 129.79, 976.42]

Ground Truth Pose:
Rotation:
[   -0.47005      0.8815   -0.045491]
[    0.80598     0.40763     -0.4293]
[   -0.35987    -0.23844    -0.90205]
Euler Angles (xyz, degrees):
Roll (X): -165.19
Pitch (Y): 21.09
Yaw (Z): 120.25
Translation: [-59.34, 120.61, 1000.97]

Error Analysis:
Rotation Error (degrees):
Roll (X): 312.64
Pitch (Y): -73.32
Yaw (Z): -170.80
Total Rotation Error Euler: 363.72
Total Rotation Error Matrix: 174.45
Translation Error Vector [x, y, z]: [-6.39, 9.18, -24.55] mm
Translation Error Magnitude: 26.98 mm

ADD Error Analysis:
ADD Error: 111.98
Point-wise distances: [     26.981      91.418      158.91      146.66      122.01      106.57      114.47      113.61      127.15]
Model diameter: 145.58 mm
10% threshold: 14.56 mm
Pose correct: False
Percentage of model diameter: 76.92
------------------------------
Frame 4:

Estimated Pose:
Rotation:
[    0.41051    -0.91038   -0.051797]
[   -0.51443    -0.18431    -0.83749]
[    0.75289     0.37044    -0.54399]
Roll (X): 145.75
Pitch (Y): -48.84
Yaw (Z): -51.41
Translation: [-164.77, 179.92, 925.91]

Ground Truth Pose:
Rotation:
[   -0.46724     0.88301    0.045261]
[    0.78211     0.43665    -0.44463]
[   -0.41236    -0.17234     -0.8946]
Euler Angles (xyz, degrees):
Roll (X): -169.10
Pitch (Y): 24.35
Yaw (Z): 120.85
Translation: [-159.72, 171.90, 945.88]

Error Analysis:
Rotation Error (degrees):
Roll (X): 314.84
Pitch (Y): -73.19
Yaw (Z): -172.26
Total Rotation Error Euler: 366.28
Total Rotation Error Matrix: 176.43
Translation Error Vector [x, y, z]: [-5.05, 8.02, -19.97] mm
Translation Error Magnitude: 22.10 mm

ADD Error Analysis:
ADD Error: 110.64
Point-wise distances: [     22.103      91.835      155.68      138.26      125.43      113.57      111.61       113.7      123.55]
Model diameter: 145.58 mm
10% threshold: 14.56 mm
Pose correct: False
Percentage of model diameter: 76.00
------------------------------
Frame 5:

Estimated Pose:
Rotation:
[    0.49236    -0.86596   -0.087762]
[   -0.44516    -0.16389    -0.88033]
[    0.74794     0.47251    -0.46618]
Roll (X): 134.61
Pitch (Y): -48.41
Yaw (Z): -42.12
Translation: [-195.47, 127.94, 908.98]

Ground Truth Pose:
Rotation:
[   -0.49305     0.86432    0.099629]
[    0.78805     0.49219    -0.36988]
[   -0.36872    -0.10385    -0.92377]
Euler Angles (xyz, degrees):
Roll (X): -173.59
Pitch (Y): 21.64
Yaw (Z): 122.03
Translation: [-188.83, 119.68, 925.57]

Error Analysis:
Rotation Error (degrees):
Roll (X): 308.20
Pitch (Y): -70.05
Yaw (Z): -164.15
Total Rotation Error Euler: 356.14
Total Rotation Error Matrix: nan
Translation Error Vector [x, y, z]: [-6.64, 8.26, -16.59] mm
Translation Error Magnitude: 19.69 mm

ADD Error Analysis:
ADD Error: 109.78
Point-wise distances: [      19.69      82.367      157.25      136.64      130.07      117.44      108.92      114.92      120.71]
Model diameter: 145.58 mm
10% threshold: 14.56 mm
Pose correct: False
Percentage of model diameter: 75.41
------------------------------
Frame 6:

Estimated Pose:
Rotation:
[    0.48236    -0.86498    -0.13832]
[    -0.4746    -0.12534    -0.87123]
[    0.73626     0.48589    -0.47098]
Roll (X): 134.11
Pitch (Y): -47.41
Yaw (Z): -44.54
Translation: [-223.98, 152.83, 940.67]

Ground Truth Pose:
Rotation:
[   -0.50066     0.85649     0.12586]
[    0.76939     0.50689    -0.38882]
[   -0.39681   -0.097826    -0.91272]
Euler Angles (xyz, degrees):
Roll (X): -173.88
Pitch (Y): 23.38
Yaw (Z): 123.05
Translation: [-217.96, 146.02, 958.76]

Error Analysis:
Rotation Error (degrees):
Roll (X): 307.99
Pitch (Y): -70.79
Yaw (Z): -167.59
Total Rotation Error Euler: 357.71
Total Rotation Error Matrix: 178.73
Translation Error Vector [x, y, z]: [-6.02, 6.81, -18.10] mm
Translation Error Magnitude: 20.25 mm

ADD Error Analysis:
ADD Error: 109.58
Point-wise distances: [     20.253      82.235      157.44      133.06       130.1      120.55      106.76      114.65      121.14]
Model diameter: 145.58 mm
10% threshold: 14.56 mm
Pose correct: False
Percentage of model diameter: 75.27
------------------------------
Frame 7:

Estimated Pose:
Rotation:
[      0.484    -0.86375    -0.14029]
[   -0.45867    -0.11388    -0.88128]
[    0.74523     0.49088     -0.4513]
Roll (X): 132.59
Pitch (Y): -48.18
Yaw (Z): -43.46
Translation: [-235.07, 173.57, 963.24]

Ground Truth Pose:
Rotation:
[   -0.47603     0.86709     0.14704]
[    0.78109     0.49368    -0.38244]
[   -0.40419   -0.067201    -0.91225]
Euler Angles (xyz, degrees):
Roll (X): -175.79
Pitch (Y): 23.84
Yaw (Z): 121.36
Translation: [-229.31, 166.71, 981.62]

Error Analysis:
Rotation Error (degrees):
Roll (X): 308.38
Pitch (Y): -72.02
Yaw (Z): -164.82
Total Rotation Error Euler: 357.00
Total Rotation Error Matrix: 179.54
Translation Error Vector [x, y, z]: [-5.76, 6.86, -18.38] mm
Translation Error Magnitude: 20.44 mm

ADD Error Analysis:
ADD Error: 109.52
Point-wise distances: [     20.445      80.094      158.07      133.36      130.32         121      106.57       114.7      121.07]
Model diameter: 145.58 mm
10% threshold: 14.56 mm
Pose correct: False
Percentage of model diameter: 75.23
------------------------------
Frame 8:

Estimated Pose:
Rotation:
[    0.31893    -0.93082     -0.1785]
[     -0.489 -0.00027233    -0.87228]
[    0.81189     0.36548    -0.45526]
Roll (X): 141.24
Pitch (Y): -54.28
Yaw (Z): -56.89
Translation: [-233.48, 236.80, 945.19]

Ground Truth Pose:
Rotation:
[   -0.36947     0.91585     0.15746]
[    0.86743     0.40069    -0.29512]
[   -0.33336    0.027548    -0.94244]
Euler Angles (xyz, degrees):
Roll (X): 178.33
Pitch (Y): 19.47
Yaw (Z): 113.07
Translation: [-234.34, 232.44, 993.96]

Error Analysis:
Rotation Error (degrees):
Roll (X): -37.08
Pitch (Y): -73.75
Yaw (Z): -169.96
Total Rotation Error Euler: 188.95
Total Rotation Error Matrix: 176.77
Translation Error Vector [x, y, z]: [0.85, 4.36, -48.76] mm
Translation Error Magnitude: 48.97 mm

ADD Error Analysis:
ADD Error: 118.16
Point-wise distances: [     48.965      68.837      178.53      150.49      120.12      126.93      111.82      118.17      139.55]
Model diameter: 145.58 mm
10% threshold: 14.56 mm
Pose correct: False
Percentage of model diameter: 81.16
------------------------------
Frame 9:

Estimated Pose:
Rotation:
[    0.35483    -0.91579    -0.18822]
[   -0.45273   0.0078391    -0.89161]
[      0.818     0.40159    -0.41182]
Roll (X): 135.72
Pitch (Y): -54.89
Yaw (Z): -51.91
Translation: [-233.38, 217.57, 955.04]

Ground Truth Pose:
Rotation:
[    -0.4084     0.90766    0.097382]
[    0.87084     0.41938    -0.25663]
[   -0.27376   -0.020005    -0.96165]
Euler Angles (xyz, degrees):
Roll (X): -178.81
Pitch (Y): 15.89
Yaw (Z): 115.12
Translation: [-232.19, 213.96, 993.10]

Error Analysis:
Rotation Error (degrees):
Roll (X): 314.53
Pitch (Y): -70.77
Yaw (Z): -167.04
Total Rotation Error Euler: 363.10
Total Rotation Error Matrix: 175.06
Translation Error Vector [x, y, z]: [-1.19, 3.61, -38.06] mm
Translation Error Magnitude: 38.25 mm

ADD Error Analysis:
ADD Error: 114.36
Point-wise distances: [     38.244      67.434      171.36      146.03      123.96      124.39      113.88      114.58      129.36]
Model diameter: 145.58 mm
10% threshold: 14.56 mm
Pose correct: False
Percentage of model diameter: 78.56
------------------------------
Frame 10:

Estimated Pose:
Rotation:
[    0.64713    -0.75849   -0.076955]
[   -0.47269    -0.31999    -0.82108]
[    0.59815     0.56772     -0.5656]
Roll (X): 134.89
Pitch (Y): -36.74
Yaw (Z): -36.15
Translation: [-209.95, 165.52, 944.16]

Ground Truth Pose:
Rotation:
[   -0.59226     0.80432     0.04909]
[     0.6804      0.5318    -0.50433]
[   -0.43172    -0.26528    -0.86218]
Euler Angles (xyz, degrees):
Roll (X): -162.90
Pitch (Y): 25.58
Yaw (Z): 131.04
Translation: [-207.46, 168.32, 976.29]

Error Analysis:
Rotation Error (degrees):
Roll (X): 297.79
Pitch (Y): -62.31
Yaw (Z): -167.18
Total Rotation Error Euler: 347.15
Total Rotation Error Matrix: 176.38
Translation Error Vector [x, y, z]: [-2.49, -2.80, -32.13] mm
Translation Error Magnitude: 32.35 mm

ADD Error Analysis:
ADD Error: 112.87
Point-wise distances: [      32.35       94.84      159.41      127.66      122.78      127.56      115.75      109.66      125.78]
Model diameter: 145.58 mm
10% threshold: 14.56 mm
Pose correct: False
Percentage of model diameter: 77.53
------------------------------
Frame 11:

Estimated Pose:
Rotation:
[    0.64026    -0.76649   -0.050682]
[    -0.5221    -0.38582    -0.76063]
[    0.56346     0.51346     -0.6472]
Roll (X): 141.57
Pitch (Y): -34.30
Yaw (Z): -39.20
Translation: [-210.06, 143.20, 977.97]

Ground Truth Pose:
Rotation:
[   -0.61842     0.78495    0.039044]
[    0.61736     0.51594    -0.59395]
[   -0.48633    -0.34319    -0.80362]
Euler Angles (xyz, degrees):
Roll (X): -156.87
Pitch (Y): 29.10
Yaw (Z): 135.05
Translation: [-203.40, 141.50, 988.57]

Error Analysis:
Rotation Error (degrees):
Roll (X): 298.45
Pitch (Y): -63.39
Yaw (Z): -174.24
Total Rotation Error Euler: 351.36
Total Rotation Error Matrix: 178.51
Translation Error Vector [x, y, z]: [-6.66, 1.70, -10.60] mm
Translation Error Magnitude: 12.63 mm

ADD Error Analysis:
ADD Error: 108.59
Point-wise distances: [     12.637      113.67      139.77      126.93      127.33      118.17      110.01      113.68      115.06]
Model diameter: 145.58 mm
10% threshold: 14.56 mm
Pose correct: False
Percentage of model diameter: 74.59
------------------------------
Frame 12:

Estimated Pose:
Rotation:
[     0.5799    -0.81356    0.042824]
[   -0.59442    -0.45847    -0.66066]
[    0.55712     0.35766    -0.74946]
Roll (X): 154.49
Pitch (Y): -33.86
Yaw (Z): -45.71
Translation: [-143.77, 155.38, 929.37]

Ground Truth Pose:
Rotation:
[   -0.55514     0.83141   -0.026209]
[    0.60169     0.37961    -0.70284]
[   -0.57436    -0.40593    -0.71095]
Euler Angles (xyz, degrees):
Roll (X): -150.27
Pitch (Y): 35.05
Yaw (Z): 132.70
Translation: [-139.48, 155.10, 954.96]

Error Analysis:
Rotation Error (degrees):
Roll (X): 304.76
Pitch (Y): -68.91
Yaw (Z): -178.40
Total Rotation Error Euler: 359.80
Total Rotation Error Matrix: 178.33
Translation Error Vector [x, y, z]: [-4.29, 0.28, -25.58] mm
Translation Error Magnitude: 25.94 mm

ADD Error Analysis:
ADD Error: 110.11
Point-wise distances: [     25.948      118.84      138.06      133.05       109.5      114.52       118.3      109.61      123.19]
Model diameter: 145.58 mm
10% threshold: 14.56 mm
Pose correct: False
Percentage of model diameter: 75.64
------------------------------
Frame 13:

Estimated Pose:
Rotation:
[    0.55485    -0.82978    0.059995]
[   -0.64646    -0.47541    -0.59672]
[    0.52367     0.29231     -0.8002]
Roll (X): 159.93
Pitch (Y): -31.58
Yaw (Z): -49.36
Translation: [-118.01, 169.51, 902.28]

Ground Truth Pose:
Rotation:
[   -0.53173     0.84539   -0.051948]
[    0.56007     0.30494    -0.77035]
[   -0.63536    -0.43869    -0.63559]
Euler Angles (xyz, degrees):
Roll (X): -145.39
Pitch (Y): 39.44
Yaw (Z): 133.51
Translation: [-112.95, 169.52, 930.68]

Error Analysis:
Rotation Error (degrees):
Roll (X): 305.32
Pitch (Y): -71.02
Yaw (Z): -182.87
Total Rotation Error Euler: 362.91
Total Rotation Error Matrix: 178.53
Translation Error Vector [x, y, z]: [-5.06, -0.01, -28.40] mm
Translation Error Magnitude: 28.85 mm

ADD Error Analysis:
ADD Error: 109.68
Point-wise distances: [     28.859      123.88      131.42      135.23      101.33      112.81      119.12      110.23      124.25]
Model diameter: 145.58 mm
10% threshold: 14.56 mm
Pose correct: False
Percentage of model diameter: 75.34
------------------------------
Frame 14:

Estimated Pose:
Rotation:
[    0.51054      -0.856    0.081367]
[   -0.71792    -0.47643    -0.50755]
[    0.47322     0.20071    -0.85777]
Roll (X): 166.83
Pitch (Y): -28.24
Yaw (Z): -54.58
Translation: [-116.16, 198.92, 871.62]

Ground Truth Pose:
Rotation:
[   -0.57051     0.81966   -0.052992]
[    0.50266     0.29739    -0.81181]
[    -0.6496    -0.48976    -0.58164]
Euler Angles (xyz, degrees):
Roll (X): -139.90
Pitch (Y): 40.51
Yaw (Z): 138.62
Translation: [-112.02, 196.57, 904.60]

Error Analysis:
Rotation Error (degrees):
Roll (X): 306.73
Pitch (Y): -68.75
Yaw (Z): -193.20
Total Rotation Error Euler: 368.97
Total Rotation Error Matrix: 175.76
Translation Error Vector [x, y, z]: [-4.14, 2.34, -32.98] mm
Translation Error Magnitude: 33.32 mm

ADD Error Analysis:
ADD Error: 109.11
Point-wise distances: [     33.331      124.28      127.68       135.2      90.142      113.56      122.11      109.25      126.44]
Model diameter: 145.58 mm
10% threshold: 14.56 mm
Pose correct: False
Percentage of model diameter: 74.95
------------------------------
Frame 15:

Estimated Pose:
Rotation:
[    0.54049    -0.84008    0.046236]
[   -0.71945    -0.48997    -0.49226]
[     0.4362      0.2328    -0.86922]
Roll (X): 165.01
Pitch (Y): -25.86
Yaw (Z): -53.08
Translation: [-130.11, 134.40, 908.71]

Ground Truth Pose:
Rotation:
[   -0.53474     0.84404   -0.042571]
[    0.47535     0.25874    -0.84098]
[   -0.69875    -0.46991    -0.53954]
Euler Angles (xyz, degrees):
Roll (X): -138.94
Pitch (Y): 44.32
Yaw (Z): 138.36
Translation: [-128.35, 127.36, 939.18]

Error Analysis:
Rotation Error (degrees):
Roll (X): 303.95
Pitch (Y): -70.18
Yaw (Z): -191.45
Total Rotation Error Euler: 366.01
Total Rotation Error Matrix: nan
Translation Error Vector [x, y, z]: [-1.76, 7.04, -30.47] mm
Translation Error Magnitude: 31.32 mm

ADD Error Analysis:
ADD Error: 107.43
Point-wise distances: [     31.329      121.89      127.11       130.3      84.054      116.85         123      106.71      125.67]
Model diameter: 145.58 mm
10% threshold: 14.56 mm
Pose correct: False
Percentage of model diameter: 73.80
------------------------------
Frame 16:

Estimated Pose:
Rotation:
[     0.5202    -0.85115    0.070239]
[   -0.72256    -0.48247     -0.4951]
[     0.4553      0.2068    -0.86599]
Roll (X): 166.57
Pitch (Y): -27.08
Yaw (Z): -54.25
Translation: [-136.27, 122.43, 925.22]

Ground Truth Pose:
Rotation:
[    -0.5023     0.86292   -0.056874]
[    0.48891     0.22911    -0.84181]
[   -0.71332    -0.45061    -0.53693]
Euler Angles (xyz, degrees):
Roll (X): -139.99
Pitch (Y): 45.50
Yaw (Z): 135.77
Translation: [-136.89, 116.14, 963.78]

Error Analysis:
Rotation Error (degrees):
Roll (X): 306.56
Pitch (Y): -72.59
Yaw (Z): -190.02
Total Rotation Error Euler: 367.91
Total Rotation Error Matrix: 179.13
Translation Error Vector [x, y, z]: [0.62, 6.30, -38.56] mm
Translation Error Magnitude: 39.08 mm

ADD Error Analysis:
ADD Error: 109.34
Point-wise distances: [     39.089      117.98      132.69      131.76      80.114      117.44      126.95      106.72      131.28]
Model diameter: 145.58 mm
10% threshold: 14.56 mm
Pose correct: False
Percentage of model diameter: 75.10
------------------------------
Frame 17:

Estimated Pose:
Rotation:
[    0.45159    -0.89053    0.055032]
[   -0.83805    -0.44452    -0.31635]
[    0.30618     0.09674    -0.94704]
Roll (X): 174.17
Pitch (Y): -17.83
Yaw (Z): -61.68
Translation: [-47.03, 159.83, 934.34]

Ground Truth Pose:
Rotation:
[   -0.40078     0.91404   -0.062681]
[    0.33814    0.083982    -0.93736]
[   -0.85151    -0.39686    -0.34273]
Euler Angles (xyz, degrees):
Roll (X): -130.81
Pitch (Y): 58.38
Yaw (Z): 139.85
Translation: [-41.62, 157.49, 960.86]

Error Analysis:
Rotation Error (degrees):
Roll (X): 304.98
Pitch (Y): -76.20
Yaw (Z): -201.53
Total Rotation Error Euler: 373.41
Total Rotation Error Matrix: 176.92
Translation Error Vector [x, y, z]: [-5.41, 2.33, -26.52] mm
Translation Error Magnitude: 27.17 mm

ADD Error Analysis:
ADD Error: 103.51
Point-wise distances: [      27.18      135.04      99.042      132.03      77.065      118.84      115.96      114.26      112.17]
Model diameter: 145.58 mm
10% threshold: 14.56 mm
Pose correct: False
Percentage of model diameter: 71.10
------------------------------
Frame 18:

Estimated Pose:
Rotation:
[    0.43028    -0.90178     0.04072]
[   -0.86077    -0.42346    -0.28242]
[    0.27193     0.08647    -0.95842]
Roll (X): 174.84
Pitch (Y): -15.78
Yaw (Z): -63.44
Translation: [-66.42, 197.18, 904.27]

Ground Truth Pose:
Rotation:
[    -0.4096     0.91049   -0.057041]
[    0.32976    0.089468    -0.93983]
[    -0.8506    -0.40376    -0.33689]
Euler Angles (xyz, degrees):
Roll (X): -129.84
Pitch (Y): 58.28
Yaw (Z): 141.16
Translation: [-61.39, 193.59, 934.64]

Error Analysis:
Rotation Error (degrees):
Roll (X): 304.69
Pitch (Y): -74.05
Yaw (Z): -204.60
Total Rotation Error Euler: 374.41
Total Rotation Error Matrix: 178.44
Translation Error Vector [x, y, z]: [-5.02, 3.59, -30.38] mm
Translation Error Magnitude: 31.00 mm

ADD Error Analysis:
ADD Error: 104.01
Point-wise distances: [      31.01      132.39      101.19       131.1       74.72       119.3      116.85      115.23      114.34]
Model diameter: 145.58 mm
10% threshold: 14.56 mm
Pose correct: False
Percentage of model diameter: 71.45
------------------------------
Frame 19:

Estimated Pose:
Rotation:
[    0.44291    -0.89554    0.042807]
[   -0.85137    -0.43507    -0.29305]
[    0.28106     0.09335    -0.95514]
Roll (X): 174.42
Pitch (Y): -16.32
Yaw (Z): -62.52
Translation: [-60.81, 191.08, 887.61]

Ground Truth Pose:
Rotation:
[   -0.42466     0.90348    -0.05837]
[    0.33477    0.096795    -0.93733]
[    -0.8412    -0.41757    -0.34357]
Euler Angles (xyz, degrees):
Roll (X): -129.45
Pitch (Y): 57.27
Yaw (Z): 141.75
Translation: [-54.78, 186.57, 914.72]

Error Analysis:
Rotation Error (degrees):
Roll (X): 303.86
Pitch (Y): -73.59
Yaw (Z): -204.26
Total Rotation Error Euler: 373.46
Total Rotation Error Matrix: 178.59
Translation Error Vector [x, y, z]: [-6.02, 4.51, -27.10] mm
Translation Error Magnitude: 28.13 mm

ADD Error Analysis:
ADD Error: 103.41
Point-wise distances: [      28.14      133.55       99.45      131.95      75.397      118.25      115.87      114.85      113.22]
Model diameter: 145.58 mm
10% threshold: 14.56 mm
Pose correct: False
Percentage of model diameter: 71.03
------------------------------
Frame 20:

Estimated Pose:
Rotation:
[    0.47829    -0.87613    0.060306]
[   -0.82984    -0.47336    -0.29546]
[    0.28741    0.091274    -0.95345]
Roll (X): 174.53
Pitch (Y): -16.70
Yaw (Z): -60.04
Translation: [-48.53, 174.58, 885.89]

Ground Truth Pose:
Rotation:
[   -0.42662     0.90268   -0.056488]
[    0.31602    0.090254    -0.94446]
[   -0.84744    -0.42077    -0.32377]
Euler Angles (xyz, degrees):
Roll (X): -127.58
Pitch (Y): 57.93
Yaw (Z): 143.47
Translation: [-42.86, 172.20, 910.97]

Error Analysis:
Rotation Error (degrees):
Roll (X): 302.11
Pitch (Y): -74.64
Yaw (Z): -203.51
Total Rotation Error Euler: 371.83
Total Rotation Error Matrix: 177.14
Translation Error Vector [x, y, z]: [-5.66, 2.39, -25.08] mm
Translation Error Magnitude: 25.82 mm

ADD Error Analysis:
ADD Error: 102.70
Point-wise distances: [     25.835      135.83      95.534       132.5      74.707      119.11      116.94      113.49      110.34]
Model diameter: 145.58 mm
10% threshold: 14.56 mm
Pose correct: False
Percentage of model diameter: 70.54
------------------------------
Frame 21:

Estimated Pose:
Rotation:
[    0.43734    -0.89868   -0.033298]
[   -0.89389    -0.43036    -0.12549]
[   0.098447    0.084647    -0.99154]
Roll (X): 175.12
Pitch (Y): -5.65
Yaw (Z): -63.93
Translation: [-50.84, 160.51, 874.71]

Ground Truth Pose:
Rotation:
[   -0.43093     0.90233   -0.011651]
[    0.18268    0.074582    -0.98035]
[   -0.88372    -0.42458    -0.19697]
Euler Angles (xyz, degrees):
Roll (X): -114.89
Pitch (Y): 62.09
Yaw (Z): 157.03
Translation: [-44.79, 159.35, 915.47]

Error Analysis:
Rotation Error (degrees):
Roll (X): 290.01
Pitch (Y): -67.74
Yaw (Z): -220.96
Total Rotation Error Euler: 370.83
Total Rotation Error Matrix: 178.16
Translation Error Vector [x, y, z]: [-6.05, 1.16, -40.76] mm
Translation Error Magnitude: 41.22 mm

ADD Error Analysis:
ADD Error: 104.78
Point-wise distances: [     41.235      129.15      96.702      128.62      70.601      123.91      120.99      120.02      111.77]
Model diameter: 145.58 mm
10% threshold: 14.56 mm
Pose correct: False
Percentage of model diameter: 71.97
------------------------------
Frame 22:

Estimated Pose:
Rotation:
[    0.36405    -0.93135  -0.0072665]
[   -0.92694    -0.36154    -0.10033]
[   0.090812    0.043259    -0.99493]
Roll (X): 177.51
Pitch (Y): -5.21
Yaw (Z): -68.56
Translation: [-85.79, 157.17, 881.97]

Ground Truth Pose:
Rotation:
[   -0.39548     0.91845  -0.0090745]
[    0.15158    0.055523     -0.9869]
[    -0.9059    -0.39167    -0.16118]
Euler Angles (xyz, degrees):
Roll (X): -112.37
Pitch (Y): 64.94
Yaw (Z): 159.03
Translation: [-83.41, 153.88, 916.17]

Error Analysis:
Rotation Error (degrees):
Roll (X): 289.88
Pitch (Y): -70.15
Yaw (Z): -227.59
Total Rotation Error Euler: 375.16
Total Rotation Error Matrix: 179.05
Translation Error Vector [x, y, z]: [-2.38, 3.28, -34.20] mm
Translation Error Magnitude: 34.44 mm

ADD Error Analysis:
ADD Error: 101.95
Point-wise distances: [     34.455      129.49      93.876       123.1      68.966       126.9      119.45      116.75      104.59]
Model diameter: 145.58 mm
10% threshold: 14.56 mm
Pose correct: False
Percentage of model diameter: 70.03
------------------------------
Frame 23:

Estimated Pose:
Rotation:
[    0.48652    -0.87335    0.023496]
[   -0.85654    -0.48211    -0.18416]
[    0.17216    0.069472    -0.98262]
Roll (X): 175.96
Pitch (Y): -9.91
Yaw (Z): -60.40
Translation: [-111.28, 160.53, 892.59]

Ground Truth Pose:
Rotation:
[   -0.45687     0.88955  -0.0016999]
[    0.20126     0.10151    -0.97428]
[   -0.86649    -0.44546    -0.22541]
Euler Angles (xyz, degrees):
Roll (X): -116.84
Pitch (Y): 60.05
Yaw (Z): 156.23
Translation: [-110.33, 160.07, 940.66]

Error Analysis:
Rotation Error (degrees):
Roll (X): 292.80
Pitch (Y): -69.96
Yaw (Z): -216.63
Total Rotation Error Euler: 370.88
Total Rotation Error Matrix: 179.09
Translation Error Vector [x, y, z]: [-0.95, 0.47, -48.07] mm
Translation Error Magnitude: 48.08 mm

ADD Error Analysis:
ADD Error: 107.22
Point-wise distances: [     48.099      124.38      105.92      128.95       65.11      125.44      130.04      116.76      120.29]
Model diameter: 145.58 mm
10% threshold: 14.56 mm
Pose correct: False
Percentage of model diameter: 73.65
------------------------------
Frame 24:

Estimated Pose:
Rotation:
[    0.35562    -0.93437    0.022226]
[   -0.87947    -0.34258    -0.33042]
[    0.31635    0.097956    -0.94357]
Roll (X): 174.07
Pitch (Y): -18.44
Yaw (Z): -67.98
Translation: [-39.96, 237.58, 913.35]

Ground Truth Pose:
Rotation:
[   -0.34926     0.93685    0.019356]
[     0.3375     0.14504     -0.9301]
[   -0.87416    -0.31831    -0.36684]
Euler Angles (xyz, degrees):
Roll (X): -139.05
Pitch (Y): 60.94
Yaw (Z): 135.98
Translation: [-36.29, 235.96, 942.29]

Error Analysis:
Rotation Error (degrees):
Roll (X): 313.12
Pitch (Y): -79.39
Yaw (Z): -203.96
Total Rotation Error Euler: 382.03
Total Rotation Error Matrix: 179.41
Translation Error Vector [x, y, z]: [-3.67, 1.62, -28.94] mm
Translation Error Magnitude: 29.22 mm

ADD Error Analysis:
ADD Error: 104.96
Point-wise distances: [      29.23      133.65      108.02      125.33      85.383      122.68       110.3      116.67      113.34]
Model diameter: 145.58 mm
10% threshold: 14.56 mm
Pose correct: False
Percentage of model diameter: 72.10
------------------------------
Frame 25:

Estimated Pose:
Rotation:
[    0.34385    -0.93892   -0.013785]
[   -0.84985    -0.30492    -0.42986]
[     0.3994     0.15952    -0.90279]
Roll (X): 169.98
Pitch (Y): -23.54
Yaw (Z): -67.97
Translation: [-0.70, 201.90, 910.98]

Ground Truth Pose:
Rotation:
[   -0.31689     0.94764    0.040295]
[    0.39685     0.17106    -0.90184]
[   -0.86149    -0.26978    -0.43027]
Euler Angles (xyz, degrees):
Roll (X): -147.91
Pitch (Y): 59.48
Yaw (Z): 128.61
Translation: [4.17, 201.20, 934.88]

Error Analysis:
Rotation Error (degrees):
Roll (X): 317.89
Pitch (Y): -83.02
Yaw (Z): -196.58
Total Rotation Error Euler: 382.87
Total Rotation Error Matrix: 179.04
Translation Error Vector [x, y, z]: [-4.87, 0.70, -23.90] mm
Translation Error Magnitude: 24.40 mm

ADD Error Analysis:
ADD Error: 105.62
Point-wise distances: [     24.408      134.73       113.4      123.81      96.539      122.36      105.03      117.08      113.19]
Model diameter: 145.58 mm
10% threshold: 14.56 mm
Pose correct: False
Percentage of model diameter: 72.55
------------------------------
Frame 26:

Estimated Pose:
Rotation:
[    0.44146    -0.89703   -0.021145]
[   -0.79207    -0.37852    -0.47891]
[    0.42159     0.22817    -0.87761]
Roll (X): 165.43
Pitch (Y): -24.94
Yaw (Z): -60.87
Translation: [-15.65, 183.49, 934.35]

Ground Truth Pose:
Rotation:
[   -0.40891     0.91169    0.041134]
[    0.43037     0.23239    -0.87226]
[   -0.80477    -0.33896    -0.48737]
Euler Angles (xyz, degrees):
Roll (X): -145.18
Pitch (Y): 53.59
Yaw (Z): 133.53
Translation: [-11.17, 182.71, 956.50]

Error Analysis:
Rotation Error (degrees):
Roll (X): 310.61
Pitch (Y): -78.52
Yaw (Z): -194.40
Total Rotation Error Euler: 374.75
Total Rotation Error Matrix: 178.39
Translation Error Vector [x, y, z]: [-4.48, 0.78, -22.15] mm
Translation Error Magnitude: 22.61 mm

ADD Error Analysis:
ADD Error: 105.99
Point-wise distances: [     22.624      132.92      116.85      124.72      97.417      121.79      109.08      114.03      114.46]
Model diameter: 145.58 mm
10% threshold: 14.56 mm
Pose correct: False
Percentage of model diameter: 72.80
------------------------------
Frame 27:

Estimated Pose:
Rotation:
[    0.42601    -0.90321   -0.052201]
[   -0.78627    -0.34108     -0.5152]
[    0.44753     0.26053    -0.85548]
Roll (X): 163.06
Pitch (Y): -26.59
Yaw (Z): -61.55
Translation: [-34.33, 210.07, 931.05]

Ground Truth Pose:
Rotation:
[   -0.42428     0.90281    0.070624]
[    0.45946     0.28182    -0.84234]
[   -0.78036    -0.32493    -0.53436]
Euler Angles (xyz, degrees):
Roll (X): -148.70
Pitch (Y): 51.29
Yaw (Z): 132.72
Translation: [-30.25, 209.02, 950.46]

Error Analysis:
Rotation Error (degrees):
Roll (X): 311.76
Pitch (Y): -77.88
Yaw (Z): -194.27
Total Rotation Error Euler: 375.50
Total Rotation Error Matrix: nan
Translation Error Vector [x, y, z]: [-4.08, 1.04, -19.41] mm
Translation Error Magnitude: 19.86 mm

ADD Error Analysis:
ADD Error: 106.19
Point-wise distances: [     19.867      131.69       121.1      121.75      103.43       123.3      106.98      113.68      113.91]
Model diameter: 145.58 mm
10% threshold: 14.56 mm
Pose correct: False
Percentage of model diameter: 72.94
------------------------------
Frame 28:

Estimated Pose:
Rotation:
[    0.13888    -0.98886   -0.053596]
[   -0.76244   -0.072232    -0.64302]
[    0.63198     0.13017    -0.76397]
Roll (X): 170.33
Pitch (Y): -39.20
Yaw (Z): -79.68
Translation: [-78.41, 199.37, 898.73]

Ground Truth Pose:
Rotation:
[   -0.19035     0.98055    0.048673]
[    0.63914      0.1614      -0.752]
[   -0.74521    -0.11203    -0.65741]
Euler Angles (xyz, degrees):
Roll (X): -170.33
Pitch (Y): 48.18
Yaw (Z): 106.58
Translation: [-76.62, 196.06, 926.62]

Error Analysis:
Rotation Error (degrees):
Roll (X): 340.66
Pitch (Y): -87.37
Yaw (Z): -186.26
Total Rotation Error Euler: 397.96
Total Rotation Error Matrix: 177.07
Translation Error Vector [x, y, z]: [-1.79, 3.31, -27.89] mm
Translation Error Magnitude: 28.14 mm

ADD Error Analysis:
ADD Error: 110.13
Point-wise distances: [     28.147      118.08      138.71         130      112.64      116.12       103.9      117.83      125.73]
Model diameter: 145.58 mm
10% threshold: 14.56 mm
Pose correct: False
Percentage of model diameter: 75.65
------------------------------
Frame 29:

Estimated Pose:
Rotation:
[    0.14279    -0.98838   -0.052162]
[   -0.72693   -0.068958    -0.68325]
[    0.67171     0.13548    -0.72832]
Roll (X): 169.46
Pitch (Y): -42.20
Yaw (Z): -78.89
Translation: [-83.98, 179.51, 892.93]

Ground Truth Pose:
Rotation:
[   -0.18063     0.98193     0.05705]
[    0.68078     0.16668    -0.71331]
[   -0.70992   -0.090006    -0.69857]
Euler Angles (xyz, degrees):
Roll (X): -172.66
Pitch (Y): 45.23
Yaw (Z): 104.86
Translation: [-82.09, 174.83, 916.12]

Error Analysis:
Rotation Error (degrees):
Roll (X): 342.12
Pitch (Y): -87.43
Yaw (Z): -183.75
Total Rotation Error Euler: 398.06
Total Rotation Error Matrix: 177.83
Translation Error Vector [x, y, z]: [-1.89, 4.67, -23.19] mm
Translation Error Magnitude: 23.73 mm

ADD Error Analysis:
ADD Error: 109.70
Point-wise distances: [     23.739      116.21      139.65      130.89      116.33       114.9      105.28      116.61      123.72]
Model diameter: 145.58 mm
10% threshold: 14.56 mm
Pose correct: False
Percentage of model diameter: 75.36
------------------------------
Frame 30:

Estimated Pose:
Rotation:
[    0.17679    -0.98064   -0.084256]
[    -0.6831   -0.060618    -0.72781]
[    0.70861     0.18623    -0.68058]
Roll (X): 164.70
Pitch (Y): -45.12
Yaw (Z): -75.49
Translation: [-76.90, 224.09, 901.15]

Ground Truth Pose:
Rotation:
[   -0.22493     0.97201    0.068365]
[    0.72742     0.21419    -0.65195]
[   -0.64833   -0.096913    -0.75522]
Euler Angles (xyz, degrees):
Roll (X): -172.69
Pitch (Y): 40.41
Yaw (Z): 107.18
Translation: [-72.88, 217.81, 916.17]

Error Analysis:
Rotation Error (degrees):
Roll (X): 337.39
Pitch (Y): -85.54
Yaw (Z): -182.67
Total Rotation Error Euler: 393.08
Total Rotation Error Matrix: 177.18
Translation Error Vector [x, y, z]: [-4.02, 6.29, -15.02] mm
Translation Error Magnitude: 16.77 mm

ADD Error Analysis:
ADD Error: 109.04
Point-wise distances: [     16.774      114.25       139.7      130.84      123.84      114.23      106.18      116.28      119.26]
Model diameter: 145.58 mm
10% threshold: 14.56 mm
Pose correct: False
Percentage of model diameter: 74.90
------------------------------
Frame 31:

Estimated Pose:
Rotation:
[    0.18271    -0.97513    -0.12544]
[   -0.61124    -0.01273    -0.79135]
[    0.77007     0.22125    -0.59836]
Roll (X): 159.71
Pitch (Y): -50.36
Yaw (Z): -73.36
Translation: [-90.21, 211.05, 920.55]

Ground Truth Pose:
Rotation:
[   -0.22019     0.96672     0.13059]
[    0.77847     0.25481     -0.5737]
[   -0.58787   -0.024658    -0.80864]
Euler Angles (xyz, degrees):
Roll (X): -178.25
Pitch (Y): 36.00
Yaw (Z): 105.79
Translation: [-85.25, 201.98, 926.72]

Error Analysis:
Rotation Error (degrees):
Roll (X): 337.96
Pitch (Y): -86.36
Yaw (Z): -179.15
Total Rotation Error Euler: 392.14
Total Rotation Error Matrix: 177.91
Translation Error Vector [x, y, z]: [-4.96, 9.07, -6.18] mm
Translation Error Magnitude: 12.05 mm

ADD Error Analysis:
ADD Error: 108.88
Point-wise distances: [     12.048      107.72       142.2      130.41      132.89      115.21      107.73       116.8      114.91]
Model diameter: 145.58 mm
10% threshold: 14.56 mm
Pose correct: False
Percentage of model diameter: 74.79
------------------------------
Frame 32:

Estimated Pose:
Rotation:
[    0.17564    -0.97167    -0.15815]
[   -0.63141    0.012066    -0.77536]
[     0.7553     0.23604     -0.6114]
Roll (X): 158.89
Pitch (Y): -49.05
Yaw (Z): -74.46
Translation: [-98.11, 221.80, 928.59]

Ground Truth Pose:
Rotation:
[   -0.21444     0.96713     0.13701]
[    0.78068       0.254    -0.57107]
[   -0.58708   -0.015505    -0.80944]
Euler Angles (xyz, degrees):
Roll (X): -178.90
Pitch (Y): 35.95
Yaw (Z): 105.36
Translation: [-93.70, 212.51, 935.42]

Error Analysis:
Rotation Error (degrees):
Roll (X): 337.79
Pitch (Y): -85.00
Yaw (Z): -179.81
Total Rotation Error Euler: 392.00
Total Rotation Error Matrix: 177.65
Translation Error Vector [x, y, z]: [-4.41, 9.29, -6.83] mm
Translation Error Magnitude: 12.34 mm

ADD Error Analysis:
ADD Error: 108.71
Point-wise distances: [     12.346      106.41      143.23      128.73      132.48      116.78      106.27      116.63      115.53]
Model diameter: 145.58 mm
10% threshold: 14.56 mm
Pose correct: False
Percentage of model diameter: 74.68
------------------------------
Frame 33:

Estimated Pose:
Rotation:
[    0.27916    -0.95028    -0.13801]
[   -0.63272   -0.073919    -0.77085]
[    0.72231     0.30251    -0.62189]
Roll (X): 154.06
Pitch (Y): -46.25
Yaw (Z): -66.19
Translation: [-107.42, 232.66, 955.96]

Ground Truth Pose:
Rotation:
[   -0.27942     0.95138     0.12997]
[    0.74961     0.30072    -0.58969]
[   -0.60009   -0.067338    -0.79715]
Euler Angles (xyz, degrees):
Roll (X): -175.17
Pitch (Y): 36.87
Yaw (Z): 110.44
Translation: [-100.70, 220.30, 951.92]

Error Analysis:
Rotation Error (degrees):
Roll (X): 329.23
Pitch (Y): -83.12
Yaw (Z): -176.63
Total Rotation Error Euler: 382.76
Total Rotation Error Matrix: nan
Translation Error Vector [x, y, z]: [-6.72, 12.36, 4.03] mm
Translation Error Magnitude: 14.64 mm

ADD Error Analysis:
ADD Error: 109.48
Point-wise distances: [      14.64      114.27      137.78      126.69      136.57      118.58       107.1      118.24      111.47]
Model diameter: 145.58 mm
10% threshold: 14.56 mm
Pose correct: False
Percentage of model diameter: 75.20
------------------------------
Frame 34:

Estimated Pose:
Rotation:
[    0.37962    -0.92221   -0.073596]
[   -0.66037     -0.2144    -0.71968]
[    0.64792     0.32181    -0.69039]
Roll (X): 155.01
Pitch (Y): -40.39
Yaw (Z): -60.11
Translation: [-84.20, 206.97, 955.55]

Ground Truth Pose:
Rotation:
[   -0.39941     0.91396    0.072406]
[    0.66451       0.343    -0.66398]
[   -0.63167    -0.21708     -0.7443]
Euler Angles (xyz, degrees):
Roll (X): -163.74
Pitch (Y): 39.17
Yaw (Z): 121.01
Translation: [-80.14, 202.03, 973.01]

Error Analysis:
Rotation Error (degrees):
Roll (X): 318.75
Pitch (Y): -79.56
Yaw (Z): -181.11
Total Rotation Error Euler: 375.14
Total Rotation Error Matrix: 178.84
Translation Error Vector [x, y, z]: [-4.06, 4.94, -17.46] mm
Translation Error Magnitude: 18.59 mm

ADD Error Analysis:
ADD Error: 108.95
Point-wise distances: [     18.599      113.42      141.44      127.55      119.87      117.75      107.44      113.88      120.57]
Model diameter: 145.58 mm
10% threshold: 14.56 mm
Pose correct: False
Percentage of model diameter: 74.84
------------------------------
Frame 35:

Estimated Pose:
Rotation:
[    0.36839    -0.92489   -0.094137]
[   -0.53714     -0.1291    -0.83355]
[    0.75879     0.35763    -0.54436]
Roll (X): 146.70
Pitch (Y): -49.36
Yaw (Z): -55.56
Translation: [-113.29, 214.24, 966.47]

Ground Truth Pose:
Rotation:
[   -0.36401     0.92812     0.07863]
[    0.78571      0.3513    -0.50926]
[   -0.50026    -0.12359    -0.85706]
Euler Angles (xyz, degrees):
Roll (X): -171.79
Pitch (Y): 30.02
Yaw (Z): 114.86
Translation: [-106.96, 205.92, 968.74]

Error Analysis:
Rotation Error (degrees):
Roll (X): 318.49
Pitch (Y): -79.37
Yaw (Z): -170.41
Total Rotation Error Euler: 369.83
Total Rotation Error Matrix: nan
Translation Error Vector [x, y, z]: [-6.33, 8.32, -2.28] mm
Translation Error Magnitude: 10.70 mm

ADD Error Analysis:
ADD Error: 109.05
Point-wise distances: [     10.696       105.3      142.57      132.14      136.15      114.25      111.67      116.39      112.26]
Model diameter: 145.58 mm
10% threshold: 14.56 mm
Pose correct: False
Percentage of model diameter: 74.91
------------------------------
Frame 36:

Estimated Pose:
Rotation:
[    0.30165    -0.94187    -0.14795]
[   -0.48909   -0.019671    -0.87201]
[    0.81841      0.3354     -0.4666]
Roll (X): 144.29
Pitch (Y): -54.93
Yaw (Z): -58.34
Translation: [-119.01, 243.00, 1004.66]

Ground Truth Pose:
Rotation:
[   -0.32125     0.94277     0.08985]
[    0.87329      0.3316    -0.35706]
[   -0.36641   -0.036239     -0.9298]
Euler Angles (xyz, degrees):
Roll (X): -177.77
Pitch (Y): 21.49
Yaw (Z): 110.20
Translation: [-111.21, 230.20, 999.00]

Error Analysis:
Rotation Error (degrees):
Roll (X): 322.06
Pitch (Y): -76.42
Yaw (Z): -168.53
Total Rotation Error Euler: 371.44
Total Rotation Error Matrix: 177.89
Translation Error Vector [x, y, z]: [-7.80, 12.80, 5.66] mm
Translation Error Magnitude: 16.02 mm

ADD Error Analysis:
ADD Error: 110.28
Point-wise distances: [     16.022      95.892      144.66      137.56      143.21      111.93      115.25      119.35      108.64]
Model diameter: 145.58 mm
10% threshold: 14.56 mm
Pose correct: False
Percentage of model diameter: 75.75
------------------------------
Frame 37:

Estimated Pose:
Rotation:
[   0.052045    -0.99509   -0.084205]
[   -0.46167    0.050793    -0.88559]
